14370:
2.9342938759604387
4584:
1.2357299397167032
8619:
2.887369889243579
3.006986329685433
2.7736007652293733
2.982444349423233
3.0001277786316662
2.8414060265879066
3.1738948994828795
3.231900976607373
3.2405898198640477
6085:
4.0235851413782235
3.9474305944216086
3.972518064059101
4.000386311535796
4.167520308833002
3.959982319428163
4.022094626554645
3.8969949778363517
3.987797776668744
15389:
3.598236294537806
3.598236294537806
5561:
4.012268355332005
3.819019953554487
4.12494996395495
4.217371089538546
4.097060410708234
4.087825903509127
4.029562634120788
4.108344528479324
4.195747672935307
4.116844307238541
4.017957965922388
3.987857370617488
4.04510900711327
4.0267776266896655
3.983019893228935
3.8909092862598267
3.972490809693582
4.1433859712332355
4.077806431514717
4.049675561553364
4.18314995904557
3.8695189585315393
3.9510695216820912
4.097312818684429
4.059241874856584
4.057679378293003
4.013138691365915
4.043395864644728
4.127528792972399
3.9688349468958055
3.8764314035546596
4.007592223292123
13352:
2.7970476180414385
12003:
3.615518715948886
3.4935661640741333
3.496942870674298
3.6454156500303547
3.5152279049405344
3.6366533406527894
3.5218386588339796
3.6653723979437975
3.590039803058549
3.6112915638112524
3.6255457394737163
3.4857814347074405
3.546885433299847
3.5845861754479964
3.5561835456458137
3.548591953705979
3.7131954739158894
3.4813800142108455
3.6924673200692757
3.595776737202109
3.494992091012596
3.7334923316106288
3.6979671126496645
3.6437761804765327
3.427058875739331
3.634128987768044
3.576227432156102
3.5376455687264423
3.543155830615167
3.6639361932832055
3.608609388993445
3.523178291250651
3.751121015331523
3.4918940945426433
3.621687977859626
3.709657475618904
3.7184693245880207
3.7614346535605865
3.4715901113317402
3.7396527586400685
3.583946721644713
3.6501387191477126
3.4229389108035133
3.4617014864365747
3.5998846096486505
3.655277737912366
3.6681984424976
3.649785157857469
3.5972894935634794
3.6007200841219693
15881:
3.079031981936943
6123:
2.8074131796905215
2.8074131796905215
2.8074131796905215
2.8074131796905215
2.8074131796905215
1348:
2.6232885746753376
5732:
4.147022422371559
4.119965761460136
4.03597509969968
3.9047863598172237
3.9747393407313982
3.9334908310057566
4.129281393035474
3.8639278128743295
4.27043444095937
3.9656861054396146
4.154355939504988
4.128350743504621
4.314640599044509
3.891869629632868
3.996587477554714
4.364132508694706
3.962791663048672
3.911186038286053
3.924327453763148
4.167617419377289
3.8799141026326556
3.866908641639305
3.9258172997393306
4.046013170645903
4.243223157893358
4.263079729352253
4.149274752341205
4.166300458470213
4.054843730731005
3.9980627706744376
3.938157878006442
4.101968146619298
3.7582371197880646
3.942374359316175
3.896761837319749
4.052846321753413
4.077896044442523
4.362120668467842
4.04509583753886
3.8982744403200447
4.0892315057217505
4.0942298401657276
3.9338886453525768
3.8800172392440113
4.005010125965684
3.955081501066129
4.201392397224329
7705:
2.9765825179472594
2.9795614698947146
3.0732265656606175
2.99348039594766
11890:
3.185830122121944
10276:
4.055293809042401
424:
3.5484535053986734
3.6557340534142617
3.5368945447602522
3.5965385300764092
3.3854850393164306
3.725597491672616
3.8270295460244124
3.6470921008582273
3.5621490241566973
3.750624989028039
3.499735486428141
3.80662087362339
3.7810820358121497
3.595037261771889
3.635271280785732
3.5578848961936567
3.5098401312858027
3.6198945954884953
3.7137389069732705
3.5522480871848243
3.67752512229073
3.705244181685157
8539:
3.798392613280245
3.8160031157791203
3.8281066355247417
3.8202316364283386
3.7841189024941553
3.773139165700592
3.7952512044987716
8376:
3.8664945884328565
3.8374707241602835
3.8686399470543353
3.88478795514751
3.7648122599958307
10271:
3.2085404877122072
3.2085404877122072
3.2085404877122072
3.2085404877122072
3.2085404877122072
3.2085404877122072
3.2085404877122072
226:
2.5638989052220222
8576:
2.5118593881091797
1897:
3.488546020319105
12962:
2.9870704883452666
3835:
2.8537393009287264
2.7399863267205324
2.945829072847037
2.8599196937180706
2.7830104717629576
2.905935815892434
2.6250831292667645
2.677672940531861
2.8534461312996076
2.805349843914759
2.657525818570765
2.6905724541538967
13102:
3.1392680405182274
3.2121326908337107
3.178263609233855
3.179217574775053
3.208084465904886
3.159374795421888
3.220522057277821
3.195792209395559
10851:
3.632381934017002
3.625533017475605
3.647990819165325
3.6689023449980964
3.6442446814247447
7055:
3.4232042520997785
3.651073689689564
3.4266398318852627
3.4645365652132663
3.4919958734249437
3.499881593213329
3.5659305148161886
3.3218069678869377
3.485353475265918
3.4778818697860485
3.577729409135276
3.5573445690933623
3.499711098072185
3.673823258303492
3.609076782844845
3.1932682923123785
3.347312499655257
3.626529510572327
3.533236062649651
3.465980841933929
3.6978284937495567
3.5464228047925777
3.3543545453648247
3.7603660813513144
3.5931958295382866
3.496873218621254
3.480369545955595
3.512631767354649
3.591277616901755
3.7002624169526177
3.575012075927404
3.2156433094927643
3.5461463100731794
3.622919679233789
3.3279031752001695
3.4372426556404334
3.608366220449323
3.515262002778301
3.5077662325638714
3.4270040806282447
3.702287446897157
3.7676370983554097
3.6724555107761963
3.5212445759733577
3.7031642206135844
3.3535443805316567
3.683334512398882
3.6252738009871126
3.1746787969929327
3.5974693936855693
3.698966225564387
3.447708255576914
3.5657129526985707
3.6773324498846973
3.4831585226040294
3.5190108580858843
3.674479338019827
3.5854125993894392
3.3962612039414406
3.5616254048282907
3.5543053113508676
3.4304534009145646
3.409326500685573
3.6775182980840064
3.671699136518437
3.4538751450082033
3.5908070689764653
3.675158704456896
3.524900749652244
3.6859014920224844
3.3955568804253335
3.5685391883704116
3.364794745859342
3.581078863136193
3.622734820802441
3.660145943656218
3.7975635610229186
3.626090906049379
3.6048464889950154
3.6573094118908136
3.277614861872918
3.7016194702917313
3.615687272636753
3.4390212694312567
3.630499759496459
3.450329863206582
3.23962763757641
3.5446251336128127
3.5118157370489227
3.7339972477396
3.6402670278058675
3.41785993423065
3.2932642516393256
3.3905407792837194
3.4420609162847273
3.5642898720848573
3.616138787922972
3.4164885615855787
3.4648889389770248
3.5822483449685234
3.5394292158903196
3.627508751757423
3.3921073919298923
3.623667718097085
3.5894856558498818
3.677121912932215
3.5097238421312573
3.686152072843484
3.4486900625929997
3.4872589580719087
3.6503459075461437
3.51798634063449
8936:
2.62372740791496
2.62372740791496
2.62372740791496
2.62372740791496
13953:
3.3291219471307456
3.3291219471307456
3.3291219471307456
2037:
3.283121618802529
3.1977546570882716
3.193433312857954
3.255126946427726
3.196893884855282
3.180967606252952
3.249946928449309
3.138305223793012
3.217830216674038
3.2581734312203507
2554:
3.700367495614606
3.465577890749623
3.586039723291816
3.671457795585135
3.7040473659232416
3.635822470393103
3.64393331278146
3.73075528807643
3.5790637470257347
3.7320128940779385
3.6699139664813405
3.543869141922015
3.555025167180192
3.584393364075797
3.5671131167132715
3.7448486053003567
3.499531897257658
3.6202091571945614
3.4734703512750924
3.4826797758798294
17603:
2.3206044046808163
2.3206044046808163
2.3206044046808163
2.3206044046808163
2.3206044046808163
2.3206044046808163
2.3206044046808163
2.3206044046808163
2.3206044046808163
2.3206044046808163
10680:
2.8859400287009804
2.9424727782860667
2.8251998657092874
2.9568224532058474
2.782052409160947
2.665867613286001
2.7124873295034755
2.85692511825381
2.7752904435689074
2.8968075246063454
3.013425254392019
2.711567021390378
2.939660510020257
2.906364098511439
2.936442965483083
2.5687733362632326
2.978160224026569
2.841004776837709
3.0432268969829015
2.804996358664761
2.6731677134116287
2.7877823146275342
2.917400754495355
2.9161889534101983
2.8236426160718624
2.8565734295528666
2.881706931952033
2.816722502152766
2.877643629085833
8179:
0.8297318752267553
7693:
2.651732382416625
2.651732382416625
2.651732382416625
2.651732382416625
17243:
2.72852176473222
2.776992117691825
2.742110861028955
2.725166267120439
2.7966264809634835
2.743336748841541
5936:
3.321375452452642
6972:
3.8915511106489635
3.6666597948481052
3.5085883458552507
3.4641531271453228
3.5905100265922787
3.60554722956325
2.756873316868659
3.0936925787635676
2.9049304143534345
3.7528340389966837
3.4533235603891708
3.2619134808929093
3.3959669143164177
3.586515590882832
3.406551625977188
3.3971614580519187
3.141924695080188
3.4387657029101777
3.5551698376044105
3.4177976025162016
3.682113267584682
3.0826903873141953
3.349235282276014
3.27788580549173
3.1320780049668318
2.697538896790648
3.449994055764164
3.494232911551791
2.7862163006696283
3.437798320933254
2.759618432187943
3.659901888873625
3.505199506131538
2.9343120011721218
3.5514925621607216
2.828084809370112
3.551390115603964
3.630481314451177
2.98098284641191
3.0651885708059528
3.0710243230597607
3.6902820380137085
3.762781744291106
2.7314060918967282
3.759299394068013
3.265809957547024
3.4244615418800324
3.3904423802378525
3.6412505862191202
3.402349161895942
3.846387672345872
2.759241497233975
3.567483256569683
3.506504407410311
3.4837695512595186
3.4700988254172174
3.852900761117672
3.8251922817564528
2.6390331772110445
3.0220470725072346
3.477103768372698
3.4085984928271764
3.5910493105753827
3.3082861222344473
3.8850771116967526
3.1970469589967987
3.145850601477857
3.5322482128398467
3.3166391406070725
3.147959809814931
3.7756372670217324
3.5099603114926463
3.31516592298959
2.9497870370366748
3.242789283043529
3.0439843696287254
3.2656722586370344
3.118330049790589
3.497036192880837
3.5292285545024464
3.676162318706409
3.3459337788540253
3.0650343106295566
3.4183927094321254
3.731510030101442
3.2097131482892
3.5492379109055907
3.809244928537262
2.751336589445383
3.4678422470175567
3.0785852231411175
3.2020427810810714
3.166920457087825
2.7016643950493213
3.7395156116756327
2.7387938647193515
3.9616433627060808
3.3024233505359875
3.5093541462888527
2.910006599510618
3.451350210432456
2.8668641050350434
3.5469738790917
3.5293583449809067
2.8207590598543133
3.177628238583348
2.9495318387125145
3.682532488821612
3.570321989995492
3.368125709545832
3.3854717982199833
2.8924709530880195
3.5104971368496094
3.612558472768932
3.152753380314059
3.5798377170880045
3.408135947823957
3.5710922864483003
3.0633023012985303
3.730982069212283
3.433980072000538
3.050574053383946
3.088422038364029
2.7299355803102343
3.711208247457381
3.5016211069878316
3.9013559510152507
16821:
3.7142617602003067
12497:
3.341218571441873
3.26147285273797
3.296999284702444
3.181841966359899
3.2985699512595734
3.314872761858275
3.239462400102411
3.231532073756701
3.2958758012566385
3.2616311845543726
3.2429779171251134
3.208009531378054
3.354951135075296
3.259020217735907
3.324730881988642
3.137735043491379
3.1824795268756483
3.2287989235763828
3.30788218826077
3.2378144631436694
3.2784192211312604
3.21204610811966
3.237825953835157
3.282348379086126
3.3584704473007125
3.311132530373212
3.283555128324583
3.3959939502828194
3.2146777824717905
3.244001442388711
3.2611318805275933
3.208974029091132
3.2373382308953795
3.2438940958373808
3.255408933752588
3.250371371066926
3.2950396635962957
3.22984332429878
3.271040291858669
3.2361737319704975
3.3623616089662924
3.3146534820708204
3.2668360122352325
3.2842365894030365
3.2291884516402045
3.1563717093369617
2.949473332496335
3.2205367511696177
3.2751156133144725
3.2480348300018087
3.280598383845368
3.3146998465248787
3.1673980658688397
3.3001157177252742
3.316562980249345
3.2518368868706746
3.270867951018091
3.2575816915675784
3.2620024232885956
3.2587157793242176
3.142439666292165
3.2064440057480654
3.186014240924148
3.208040588923959
3.321091500326713
3.184999896268165
3.225902800593247
3.285800815621985
3.280607478655647
3.2262911286547826
3.3110396866608234
3.19033917243138
3.1870049106211664
3.2056409437468774
3.3225810337871104
3.2302012901981563
3.2460972896192133
3.2896369204329616
3.241931611077184
3.2373303307835255
3.1984866171396313
3.124548407043898
3.3011854320483165
3.0910677771592936
3.3047010829011616
3.25480299210155
3.1074720201204564
3.2366678932442845
3.25385974534257
3.1951751450678962
3.3899626164757515
3.1861292415237172
3.3035950829561687
3.2296313105753893
3.2324814778812536
3.3144721187868487
3.22973739881155
3.2786398806368697
3.310702978756267
3.2513872847072567
3.279403814581125
3.2996090188993836
3.2517435179305236
3.355273324725653
3.164616397394207
3.2619088359298583
3.247570492555927
3.35523738381463
3.277191106045513
3.2774356569981586
3.1807593650656023
3.241585337057216
3.158258789824658
3.133740812340943
3.2144968729456806
3.306540741421644
3.260262626330887
3.2756775847633204
3.2867344822581397
3.2717414185480957
3.258415433701339
3.2650479363161278
3.2787175980787375
3.095420938323644
3.1327976045697827
3.245103346099732
3.2783157671095253
3.3005235295645217
3.2393850796082337
3.4586586588968578
3.305700517027385
3.2533624908996726
3.1757171892087532
3.105212549497129
3.1945752447682
3.2642185868989624
3.169930069317326
3.223850233955143
3.2751771396360176
3.2627064709428066
3.320916446382004
3.3319258916611103
3.2673394429571787
3.171097256422243
3.206596152170593
3.1861617457717184
3.174054123872962
3.2259059937496426
3.335433524582928
3.21401433826376
3.308700096959828
3.2484684399550643
3.303457087267405
3.2754534220545457
3.18376101274928
3.2851044739088295
3.1521911539147283
3.290501622431336
3.0702359747132495
3.1834862688056593
3.1541950548396054
3.2126545740379657
12274:
3.4123687050511116
3.4123687050511116
3.4123687050511116
662:
3.8267021598933173
3.6726361097934865
3.731268407477222
3.796402359790285
3.703980656338379
3.751701696329518
3.6693448861580222
3.716412530610433
3.781608439747905
3.835023729619464
3.7040188153661906
3.766326376780966
3.802480003171223
3.7516776340021925
3.746759724593501
3.669957096115738
3.721168235615495
3.8487795254167
3.8442004282765696
3.81282864461522
3.698561614591099
3.631311821601214
3.834381814828808
3.750536195205977
3.892216234696166
3.6961879285441395
3.7120419107046225
3.6705437201528643
3.7295805503782176
3.673471292028786
3.744026966477872
3.7741312901637802
3.6875192350182453
3.7977314142775254
3.8110541964752493
3.798358858938575
3.7344197283331955
3.726132943859968
3.61338031863676
3.8461833591370396
3.7766346013663052
3.7401080283192383
3.7659713969645194
3.668048184235216
3.754003612388662
3.693642470931762
3.7131821372354468
3.7367845053159203
3.8030095394729058
3.888755472864933
11707:
2.6797500026150187
2.6797500026150187
2.6797500026150187
2.6797500026150187
2.6797500026150187
4474:
3.18095429592369
3.1796557509579206
3.1179782806479754
3.136282694067153
3.110942594812514
3.1311750405394876
3.123894108255425
3.2928782141002433
3.152857163492913
3.1649102491900587
3.141535953801546
3.125630783175331
3.1428557338470755
3.078306296588167
3.164425147886271
3.130970312309349
3.1211240895330583
10608:
3.7049335507993493
3.6044239869442642
3.5766993337106614
3.6209404700605603
3.7867120338586973
3.6513042342861883
3.622387296810098
3.6993686360145395
3.6137509220365485
3.6380739057247777
3.5663060993570124
3.669859812614409
3.81710449148264
3.5035467933399027
3.5416374646643116
3.670105536808282
4847:
3.8501721979904655
3.688778732260349
3.727997304887525
3.8632079179263052
3.8492170986250334
3.7110704336193097
3.780320421469339
3.828618962438865
3.8031021799815443
3.8328894502750552
3.861984891501621
3.723382390617605
3.9088272393273504
3.7357598809506283
3.9224680728221544
3.869949276075473
3.930094271402813
3.8433508223489308
3.7886860356363403
3.9103868930222943
3.887579155475449
3.843042262535763
3.763296631958781
3.862375287022723
3.854303857189416
3.8153161364134514
4.016156521804272
4.004648372405865
3.837398709190987
3.890920291237217
3.7685070055316823
3.8976183592596945
3.9480289885293645
3.810008992942418
3.68593826597978
3.8607393350055594
3.9394424590092356
3.761560907862627
3.9409759829380233
3.784202376555589
3.815555744485403
3.655188860401026
3.9443816858036755
3.760039086270832
3.752032120819117
3.6521928670794988
3.9027914920551696
4.0035137059823676
3.9271661464360808
3.7751765877892476
3.943014306115737
3.821269666024108
3.9761370904154667
3.8779121727345496
4.026750223679081
3.9144011678750257
3.7771011267258308
3.7602481389232656
3.792982577408061
3.8935532181735275
3.9074755734015403
3.8399928258034906
3.7984481998377264
3.9296958385077607
3.737807756157283
3.7667631800455816
3.8504092121880706
3.9339797111638126
3.7362708383885925
3.776608041218382
3.9414978764378477
3.849234934245421
3.6330361466006744
3.8623443799960646
3.909926689783994
3.790762971610512
3.856028555148828
3.992083079622219
3.943560024138982
3.917447574544605
3.8313130116121483
3.774587882936606
3.8545437478586244
3.8202888797111547
4.005159506717608
3.7703257369082728
3.8866790496578156
4.093048397237995
3.737608995145564
3.8267082373597523
3.7950154269416516
3.940016679751013
3.842444334725493
3.772182744131325
3.9111814568948775
3.762557800972319
4.029633603636399
3.8608093738608
3.8146096447219646
3.805320775597502
3.850031369777238
3.813490382815564
3.9548931410142156
3.86740791237813
3.796467912367957
3.8044476966625744
3.7844738279123904
3.774626265757611
3.863491139776507
3.764621424085608
3.918779462568397
3.7965666725012035
3.6966076971057515
3.728557624393088
3.793449554428526
3.6932088808285126
3.77094142951397
3.811984437389996
3.7264598046898474
3.9075000457564366
3.9344267469931737
3.736948939545001
3.740733226255364
3.773183080682158
3.6902955358396388
3.8079019218342465
3.9711292922149646
3.8537800867710645
3.8773073737594004
3.8909416236222243
3.8668381174576276
3.914395707863044
3.998918471953423
3.9039092518669816
3.9272726239909734
3.8956398597143718
3.8978855024720502
3.9037356928528033
3.7744008730596845
3.899632154724137
3.962799073248651
3.8425472238914264
3.914376933484212
3.7611981135197046
3.9667723523182863
3.780766985831702
3.7661207869573214
4.029446289373368
3.66433330442747
3.785472120575875
3.8583437264964124
3.730600373744917
3.8481084773105927
3.845662956395697
3.8494250950623123
3.711384827969925
3.784778729135765
4.016266252715093
3.965405399063977
3.944671306446707
4.0507320529972
4.05815638391473
3.985023576465864
3.8186767139287507
3.9072212600851293
3.8573949422819758
3.84647390377206
3.7645690373436547
3.893102185144246
3.784731676212677
3.764844480523958
3.9347112305998992
3.7032048727135627
3.903351837146104
3.8930583155800784
3.9489398971512824
3.896555093842357
4.039544611957357
3.8205472495144024
3.9178990851063853
3.977951817658885
3.849048064204143
3.920591715386242
3.8288449732079006
3.803062631721587
3.990736266045851
3.992063361324182
3.732091817418615
3.8756875444687204
3.839420459456107
3.770096531972851
3.9346997135347617
3.893289743007617
3.816394477757213
3.793510520798387
3.8793389396973694
3.8144947503680684
3.787487141990639
3.78767313637078
3.849938534542974
3.8132622416515263
3.959118549919766
3.6857132263152748
4.020061065150817
3.861746986879612
3.855337183872857
3.9882404443244184
3.836383160257303
3.7193920993450615
4.015333438031501
3.756046035935248
3.8598466387149974
3.950494138405201
3.7633778165797205
3.82299688899235
3.9173321716842717
3.8624088624738957
3.8185133337763633
3.780294706701756
3.8686955785175847
3.7779650325426313
3.875502670632155
3.7915446773964208
3.784222500513895
3.9401934847584728
3.942044524256227
3.955027871516864
3.760219545767264
3.8320225679374578
3.913376767569696
3.8168050655758514
3.881180172311123
3.807027680801873
3.796615437518198
3.885338728882245
3.7912274786008653
3.865933822136864
3.764066011017432
3.7451301472898044
3.8458034074625123
3.7004156653192664
3.753513491692918
3.9010014921735063
3.924166532182121
3.8308556408119068
3.741857008336105
3.776478161862074
3.8779222819255192
3.7912613191333815
3.658829996233508
3.713833438996504
3.855775073668763
3.8679058889663374
3.760764269239235
4.023982999689501
3.711529975177994
3.828426035404086
3.7592530585545503
3.838462802635064
3.906709683291248
3.7369168155193035
3.8322932595269963
3.778816700987442
3.7127356081872827
3.874812044952308
3.8507246396409878
3.7913672940008527
15674:
3.3809771024357596
3.3599878027106276
3.437106023879832
3.3420824486873597
3.3965326140876995
3.464405894475504
3.3969222217254353
3.382848988119553
3.413674984331935
3.443061606969317
3.522789591199821
3.2656284862580445
3.1361604134490078
3.3547107772404385
3.305662728531961
3.5389211799554134
3.4717289186622207
3.455025723271322
3.2655808420259724
3.202752760536298
3.2484603029524326
3.4258783850709045
3.4607140161727235
3.621048147021233
3.4559733568229634
3.2419127868606243
3.356978307356773
3.3588777428653356
3.340662107140897
3.3081093308276937
3.217599715861825
3.391895359739883
3.5745692433713465
3.2126892557948636
3.418432958037959
3.2406698885733705
3.525088432389131
3.3376428134905485
3.4435707474575326
3.332971809230776
3.348074664719038
3.5447113665910996
3.266199065227154
3.2821718082371802
3.3502742095697347
3.3751109986031795
3.436938343141984
3.511998102797978
3.4584218757989773
3.475196021570862
3.488809291336866
3.4616516090298433
3.3689806883385693
3.3426244517840646
3.2685445143157157
3.3822762175122576
3.3588839201961846
3.406287082697017
3.3113900781765255
3.3633617751951643
3.420850524012936
3.3780940637674988
3.346817644160244
3.365231962280111
3.399034557791486
3.1752691914738413
3.3389089039333744
3.468211229918053
3.481631408423888
3.232497494331541
3.390716320075194
3.111261209948962
3.025904612524471
3.1596157782544334
3.2097405288392618
3.393640399664424
3.6127660465013363
3.275745142851013
3.1851149777569154
3.392852093887743
3.3346888368346486
3.3126100388529625
3.462644171326349
3.3088141536506592
3.368325059180237
3.259341708784669
3.3002942754632274
3.4992827733267013
3.2849293647833604
3.2996220475530076
3.391706597956969
3.2479765811737464
3.2109487739527003
3.264500658943245
3.4424823505937843
3.3468634628107368
3.370537948271424
3.31031743954129
3.3067264531394027
3.2598381051201444
3.4031640251216215
3.4307343842883578
3.3837725474931633
3.4734417468630068
3.36959304972251
3.3302485057966673
3.1776808069557494
15358:
2.4507870817900126
2.4507870817900126
2.4507870817900126
2.4507870817900126
2.4507870817900126
2.4507870817900126
2.4507870817900126
11283:
4.123521826831805
4.123521826831805
6632:
3.146285778849702
3.0988605219103813
3.0901670321715997
3.0411475850457226
3.120631582793587
3.051077942307545
3.1940841208565747
3.1783843843053807
3.1114976044381324
3.076804968175998
3.1153929212585023
3.005824630081571
3.1582474081807668
3.308329592355346
3.1698143643851884
3.000242045226285
3.1336968787918287
3.1926348439891457
15440:
2.994807897593099
3.3151255967171083
3.252207623357866
3.327085382544789
3.02482760753621
3.1850889526914656
3.1536398469070255
3.056039148627082
3.083379165484351
3.097164667001992
3.3270802731986806
3.1396726884104447
3.16743945166782
3.3088609719662023
3.0696560079318593
3.166362830278693
3.0406217512966047
3.1056359160393123
3.100150263645543
3.2228012213173116
3.4223984261123617
3.1456879903617847
3.1012957848914597
3.354058448917503
3.2232908000964704
3.4053951207244224
3.314202024926574
2.9343590048436194
3.3491511407611854
3.3283341952990653
3.3232698588555065
3.043061326234162
3.2210315496180204
3.2450928019966168
3.2809105859837113
3.0338619744861317
3.178494970190407
3.3136575213093193
3.0292899660294594
3.4151408870593682
3.116506088393564
3.315319149263795
3.125308456529927
3.0476845429836645
3.296490620643462
3.1417224635179934
3.1425550598245096
3.2816799993653394
3.09609765150346
3.0943556893344635
3.4099152844766936
3.2878923101029494
3.0958945138590646
8783:
3.4910334688979314
4081:
2.9835545425447814
2.9835545425447814
2.9835545425447814
2.9835545425447814
1263:
3.1615794452942625
7219:
4.135042507416962
4.135042507416962
4.135042507416962
16128:
3.9606363731676195
3.816890879567387
3.8572804717022158
3.4259617160311846
3.7477421871963137
3.736428037896986
3.6732182965485674
3.856605768889846
3.967384946972177
3.88010284901083
3.8456195784703144
3.5530761471717867
3.2106174932260134
3.733615291544977
3.9745279602921393
3.9901097002409722
3.5698487549243545
3.7459242329896005
3.8905905982042843
3.3827883920630617
3.745624150321774
3.8667701290346748
3.8054603025497076
3.568310766330016
3.6755816132065515
3.707663172660737
3.980142410468034
3.295430497483473
3.85946817662005
3.7836068345461205
3.971478796702978
3.709883344153389
3.3352934134842185
3.9274958828292315
3.7748059844471906
3.7451636537516264
3.9596524896904377
3.611703745514705
3.8652708026722875
3.673722712932755
3.936801350973881
3.6376388565768076
3.647828421678465
3.9157884470259603
3.9483605082546838
3.8441327223004835
3.893036849047968
3.7705636954657185
3.668842202341272
3.6358087624969957
3.828043199731652
3.59953851941443
3.6169078888089468
3.992270461690274
3.9174765418433024
3.8615633242268883
3.5481517850072515
3.70054640610247
4.014974142563409
3.784001293847046
3.6371217809852183
3.674313377202036
3.7940302214497255
3.836146878955842
3.943336822035906
3.4885227076109064
3.733943937769644
3.68805908854868
3.9064453349838706
3.992868241624431
3.680859362475434
3.7288493218425693
3.755689352741504
3.4473966767734896
3.872684209052886
3.93059954397206
3.7350551151113756
3.649127134818382
3.824279903834743
3.808826241336467
3.866079079234786
3.9194659281019737
3.7618625704247073
3.5370752247468826
3.9583751165948353
3.751691436204643
3.8877988519905773
3.7683820837698274
3.454948097650857
3.873631615550833
3.737717228230759
3.819497314988089
3.7199046709550987
3.880832603982964
3.7581515352627006
3.5871464729944518
3.6714966521535515
3.5084372865988462
3.635836121282516
3.831780263311708
3.798662539402081
3.718229274184426
3.579650839084867
3.847556250767709
3.632341676543069
3.6788519703134046
3.5964407902997326
3.428956730095071
3.8410883303192183
3.598915685095967
3.9055817678373117
3.805406390200609
3.519799108043359
3.7097328809573504
3.6827780404803674
3.57992827849822
3.7745439251403425
3.577819239742464
3.5764384074244755
3.997415265276437
3.6280867246598327
3.4572556277778186
3.8039960179844217
3.92005427355714
3.7344682534129556
3.8317277549751076
3.9622504056085677
3.8153499377366655
4.061390762896775
3.333354375052716
3.786950803158316
3.689954958707694
4.033456695830651
3.6258940693108452
3.676389365408757
3.7643750294426086
3.973120802086602
3.996917570733604
3.9469650666464076
3.6658006191252333
3.7224016422143458
3.5363227529135717
4.063872107532972
3.515720186909563
3.901544987947724
3.9182413174443367
3.581701850228221
3.7987264345213925
3.694255853485578
3.595377611357093
3.5349222568488416
3.785256455450181
3.948790732603669
3.643917100611845
3.7752329294516906
3.893688679904992
3.903992678090277
3.775923307284065
3.6841557631707134
3.2854628976704046
3.6734828498649335
3.5258614998822835
3.598097778880245
3.5943648067293252
3.345225590698369
3.857683383835861
3.887737314674921
3.81892650426933
3.5432648154614106
3.9435914170820103
3.8892726590536224
3.8554081965027054
3.5966739434760946
3.6661663111189737
3.4750841359951834
3.8598164636039765
3.6574650484516074
3.5953977046518437
3.888989614542055
3.3453601536140747
3.7351538188941134
3.8270583327262377
3.5358254114202614
3.6564890314266485
3.864654182920376
3.553070888125793
3.5675957856541514
3.9824976112307664
4.0689220770802725
3.751987850827492
3.737577386023875
3.7608258315575673
3.406120161629155
3.813259360529398
3.8230473180110502
3.5954388510845465
3.215000787746032
3.581136696779782
3.7806419190180947
3.5491112591454343
3.955043002209531
3.790628323573468
3.506976385781077
3.944731009790356
3.5603179782893872
3.9105636092203966
3.47927968582146
3.5690725073392375
3.8849574355055134
3.83348389009611
3.2978050745466323
3.910751670601652
3.7670831853073494
3.771011173274098
3.9956654758260206
3.9821747389598254
3.9407975690737347
3.895354606173293
3.7622630905261287
3.8479092051903043
3.915146191759191
3.8438374507053874
3.6788445580103737
3.72713905518329
3.5519099359781636
3.896451605358574
3.9468637607004173
3.8304236613342852
3.573430097669338
3.6823577872930544
3.599906931815497
3.918725140067687
3.5782624940581256
3.610881870569294
3.972207863110434
3.4470845699597215
3.676141769056771
3.8560590695814474
3.9440522965329126
3.9044256485025555
3.5949437558460833
3.9110015477936453
3.5716999392947657
3.9376980081266595
3.9625705217879332
3.5594211234217683
3.800934023226727
3.580447233471861
3.944393847731309
3.8694085846504795
4.1037121462016195
3.8142800087231152
3.8216616679162767
3.8283160255560356
3.78782903493799
3.96633917896938
3.643471871352522
3.836707220430798
3.912469717915489
3.861481595898974
3.440462477575021
3.720538367619894
3.4202010250771573
3.99464641054085
3.3961458165022598
3.6629938002101836
3.8010924520345366
3.725424818179257
3.5790627328283384
3.5977412587936684
3.947865867143152
3.8606509900757406
3.911659107606108
4.056200546072655
3.857833313509174
3.9240037802962204
4.002972811540901
3.698295486509869
3.696648461639149
3.4443399329691826
3.857552050334791
3.60749333022496
3.736492347423477
3.7347387999958346
3.634280722405754
3.9203101707195884
3.399895441454773
3.8594478055469885
3.791392998916747
3.5808554199794735
3.7916540588619516
3.7460241562651904
3.448180536697937
3.76794509518661
3.661908993620307
3.5761546356408562
3.836176825710252
3.978036064870145
3.8162512565997546
3.646072998485559
3.551673896816081
3.5386846800558294
3.7576410783886796
3.873539484519081
3.82537106002672
3.5272493041010016
3.6668545443379235
3.6496988250581928
3.274389175490959
3.641418232657001
3.732967579534466
3.741720892832472
3.6324927072931144
3.9734845249447415
3.68913448013798
3.996451131213393
3.4230173153617702
3.864999207642487
3.7002583141516556
3.807292999277135
3.920730500482105
3.7700715121537445
3.6233752451088965
3.854467167681429
3.391068512900796
3.482029145556513
3.894541017386323
3.5426895019682028
3.784618097295072
3.7958034766638993
3.444819114214851
3.702958474652073
3.6307413373221653
3.645368177328229
3.63527211963621
3.5147261214200523
3.6281793618429736
3.714315659177495
3.836028820178962
3.535007063100839
3.7252531733040843
3.4951146534585034
3.7469942077818716
3.850877784619345
3.8898948313819273
3.6149257941401203
3.757901978528783
3.716131679904329
3.8685073146939173
3.7455846212887534
3.706189493976271
3.803887164321141
3.807386346350733
3.6113027943855895
3.7264794453261665
3.825281480725312
3.6293359232496747
3.560524655286523
3.5830371472934046
3.5427386988699254
3.974564869797142
3.603114551672382
3.6099180919127365
3.4092787910247617
3.433881371108034
3.5980375727068403
3.9794038753904886
3.6686302064937983
3.6753569000407253
3.697639529736785
3.6278591859994824
3.4592694818051393
3.733237595474816
3.4854127357063183
3.8209544212009305
3.634670733969195
3.935802987941371
3.4630856150509532
3.6830629237589805
3.7773094776469116
3.8662503071728977
3.508398054133172
3.896213087212532
3.6417517530269468
3.3769234163577577
3.803645904160077
3.546802125733526
3.6112460535111426
3.961239017753959
3.8955189674915047
3.9495210114063273
3.674381535719456
3.485427477164161
3.7730238630722077
3.5982986857195747
4.026513843782288
3.576116196250147
3.586263440990263
3.2251530756989077
3.2897111303718996
3.948482344832235
3.46156972034667
3.6927907369610056
3.5583213625556223
3.975714423478869
3.7565366852328697
3.9793050726002566
3.7141767443575096
3.7806080183829716
3.604040194002789
3.3945878065739223
4.030966588237817
3.4370769095246794
3.307728615016515
3.7984399173712777
3.4915048217724816
3.498321207173867
3.858849432911298
3.8107379055038924
3.893708295653383
3.8491173991803183
3.615366250788959
3.311906570648173
3.389888289552514
3.5484566600607694
3.5900097023435817
3.836510256657176
3.481263046953989
3.84699346853945
3.5049487735048785
3.3831086320074313
3.773260524002949
3.476946403949165
3.8741138774476864
3.8373746229892367
3.975451086611165
3.8236625848275247
3.5031754223530407
3.9552975537133306
3.788322779334296
3.379362675784439
3.917559123217843
3.690215997462365
4.126513869705628
4.026097776895899
3.665094279445455
3.77278314942422
3.750109492323419
3.5966833025814737
3.885285940370069
3.7477205267278735
3.7677270291347003
3.4048036829892454
3.682738894407572
3.867973327110131
3.770611319443624
3.65647272416923
3.364129526516945
3.566694951738473
3.9967507010661283
3.324775978480567
3.8547844378636293
3.875193044821233
3.774753217548831
3.686238227653324
3.450068433562442
3.8196134505919037
3.937398407683317
3.7877284415674963
3.906538004340488
3.6505324034116904
3.686250995806801
3.687990616995624
3.774231921354432
3.5667917538562732
3.3463868724606005
3.461350678650541
3.7135132303006406
3.7575373214044823
3.486028412060604
3.8852253986000758
3.520454760124395
3.4746579976639436
3.656792631795635
3.860103767229323
3.7750318267328304
3.8175688281079805
3.6479514511348063
3.8011845404868225
3.2553016547256366
3.822701353443226
3.7491462349680713
3.568591755491756
3.3965706182229116
3.29042137681154
3.602869036077428
3.972621807178289
3.925079738946569
3.985973553844992
3.2980113837118887
3.855179137928399
3.3270209585289656
3.901098479742138
3.412084269635181
3.3645021031893476
3.8360806147431594
3.8020948548538778
3.9792341170423056
3.531250683953726
3.782779627459585
3.766727660213472
3.7481853739281945
3.8844943668084713
3.973222425641956
3.2796192476640456
3.5723312146738566
3.4962066984998796
3.8278219281460073
3.8344277408247023
3.9832679525168295
3.602738527955969
3.973043634997139
3.927283772320708
3.3785730298297367
3.752337489200777
4.007192518258049
3.9370121675421137
3.798377116138856
3.4084954336181412
3.711919548866742
3.5002292307897025
3.567061381438512
3.8170105296461827
3.8681186295461125
3.9986236358820557
3.6235391558844863
3.8238252718107257
3.349300392601343
3.5988485232094876
3.845692180921943
3.44841108711098
3.5706953211857484
4.015462538041982
3.8771809216025597
3.8732686477338003
3.9546407062944424
3.375171001042079
3.9408477711722347
3.773286890366472
3.846805941037953
3.7169609124915066
3.7070830819504974
3.4801746001703084
3.8317773935390007
3.7278755746799783
3.6937628335882002
4.08794089054822
3.835673159136321
3.3887696123239768
3.7333041461313834
3.9647361832660026
3.675706168350962
3.4048844983861994
3.7175935403065363
3.4669032743336325
3.866801027236742
3.72105623563451
3.6189070433450707
3.8863891919195015
3.9546799265997743
3.8886129725508676
3.6058480739801806
3.995252933657479
3.860989766208097
3.8216081769257646
3.6390881765589427
3.97798682200401
3.820752136901017
3.592729075776585
3.8773489671666757
3.3057412541164726
4.042052058176171
3.915044548136478
3.8812455313280827
3.684360314878431
3.401051259330267
3.6985364873575115
3.767617362113529
3.3785260257802876
3.6656666654682573
3.364195287159206
3.8577161034824696
3.9708688828397816
3.2971988705913287
3.6751588542589486
3.645088546152535
3.5297780905842653
3.628888552553595
3.6044952986419343
3.619454294811743
3.8151200142694703
3.7563073806022906
3.8103881438550795
3.680768103475518
3.59840492381246
3.7049284554210336
3.8001935841811387
3.695969046462545
3.603906455416493
3.6226996766775246
3.896042244401637
3.725525439056168
3.8407699601791507
3.8245616455002054
3.4091654712408355
12730:
2.3467286036695336
2.3467286036695336
2.3467286036695336
2.3467286036695336
2.3467286036695336
2.3467286036695336
2.3467286036695336
2.3467286036695336
2.3467286036695336
14632:
3.453228017370907
3.4268327880670753
3.4031637451139565
3.4535952950077498
3.453395450043953
3.438689938507368
10510:
3.232558603072273
3.232558603072273
3.232558603072273
3.232558603072273
16650:
2.34611548557557
14497:
3.4561192935688423
3.4561192935688423
7180:
3.08978482147681
3.0395007229783007
3.0821164860030574
3.131731147756646
3.0196168937048506
3.077326736302133
3.060722232410777
3.0610403241772706
3.085867455345608
3.1391089774643746
3.136188745386567
3.0882840302992305
3.034194866177159
3.0214377279323426
3.0364338675709774
3.085555623177359
3.0679559349014647
3.0618452476184963
3.062355033679414
15113:
3.3680231266215626
