14370:
3.275
4584:
3.675
8619:
3.4625
3.4875
4.0375
2.6625
3.5875
3.6125
3.65
2.8
3.375
6085:
3.9125
3.7375
4.4875
3.6125
3.3375
3.5125
3.3125
3.325
3.6875
15389:
3.1375
3.5375
5561:
3.8375
2.9649122807017543
4.175
3.3125
3.3375
3.111111111111111
3.6375
4.1875
3.775
3.3875
3.6375
3.675
3.875
3.7
3.6
3.675
3.6875
3.1375
3.4
3.9125
3.0384615384615383
3.75
3.7125
3.525
3.3625
3.5875
3.6875
3.6
3.6375
3.75
2.125
3.4625
13352:
3.225
12003:
3.525
3.6625
3.9871794871794872
3.2413793103448274
3.375
3.525
3.525
3.6122448979591835
3.5625
3.7875
3.6625
3.325
3.7875
3.9
4.0
3.9
2.875
3.0185185185185186
3.4875
3.5625
3.0625
4.3875
3.7625
3.775
3.8125
3.425
3.975
4.175
4.05
4.3125
3.6625
3.775
3.2083333333333335
3.775
4.0
3.5
3.1625
3.5652173913043477
3.775
3.975
4.0625
4.2375
3.625
3.5625
3.325
3.1375
3.7375
4.0375
3.55
2.25
15881:
2.8375
6123:
4.2375
3.5625
4.4125
3.7
3.7625
1348:
3.6875
5732:
3.4545454545454546
3.5375
3.525
4.125
3.6
3.2875
3.575
3.7375
3.3870967741935485
4.0625
3.175
3.2987012987012987
3.5538461538461537
3.35
3.5
2.234375
4.352941176470588
3.8375
3.675
3.736111111111111
3.6875
3.6875
3.175
3.825
3.1375
3.3625
2.7625
4.0
3.55
3.5
3.2125
4.0
3.4423076923076925
3.225
2.9875
3.2375
3.7384615384615385
3.5652173913043477
3.25
3.5625
3.7125
3.5454545454545454
3.175
3.9375
3.4875
3.6625
3.675
7705:
4.2375
2.85
3.1625
3.6125
11890:
3.825
10276:
3.4625
424:
4.7625
3.4743589743589745
3.3625
3.2
3.4
3.4125
3.25
2.7755102040816326
3.475
3.9125
4.05
3.825
3.575
3.0384615384615383
4.1
3.8157894736842106
3.4875
3.8875
3.2375
3.9125
3.5375
3.3125
8539:
3.25
2.8875
3.9875
3.4125
4.075
3.6
3.6375
8376:
4.0125
3.4
3.6875
3.45
3.859375
10271:
3.2625
3.7
4.225
3.5375
3.6375
3.175
2.875
226:
3.4625
8576:
2.95
1897:
3.5125
12962:
3.851063829787234
3835:
3.8625
3.2125
3.075
4.372093023255814
4.078947368421052
3.933333333333333
3.675
3.5875
4.6375
3.1875
2.975
3.2
13102:
4.162162162162162
2.925
3.526315789473684
3.2125
3.212121212121212
2.925
3.4625
3.7375
10851:
4.0
3.2375
3.7
3.925
3.0384615384615383
7055:
3.2625
3.875
3.65
3.5625
3.8375
3.175
3.375
4.0125
3.5
3.45
3.5375
2.9875
3.8875
4.0
4.225
3.675
3.9125
3.7875
3.525
3.825
3.175
3.272727272727273
3.85
3.257142857142857
4.1125
3.8125
3.135593220338983
3.764705882352941
4.0875
3.575
3.2
3.45
3.6125
3.85
3.6875
2.5875
2.9875
4.0
3.875
4.275
3.2875
4.1
3.45
3.625
4.0375
4.025
3.8125
3.0125
3.0285714285714285
3.2625
3.675
4.075
3.625
3.4375
3.25
2.675
3.9125
3.641509433962264
3.2
3.55
3.65
3.3875
4.2375
3.775
3.9
3.5125
3.4375
3.5125
3.0125
3.2
4.0
2.975
3.4838709677419355
3.3875
3.3125
3.05
3.0875
3.4675324675324677
3.6714285714285713
3.0384615384615383
3.975
3.225
3.574468085106383
3.6625
3.675
3.575
3.0625
4.2
3.8125
3.3
3.5125
3.8958333333333335
3.95
3.2
3.55
3.4871794871794872
3.8227848101265822
4.5625
3.725
3.9166666666666665
4.1
3.7125
3.5625
3.5625
3.8875
4.119047619047619
3.9375
4.075
3.4
4.0875
2.3
3.3
8936:
3.5
4.177215189873418
3.5625
3.2
13953:
3.2375
2.9714285714285715
4.025
2037:
3.4875
4.225
3.95
3.475
2.9125
2.875
3.225
4.1891891891891895
3.2
4.0875
2554:
3.4625
4.2125
3.5625
3.6551724137931036
4.631578947368421
3.9
3.725
3.6875
3.7875
3.95
3.7125
3.7125
3.5875
4.25
3.5875
3.4375
3.975
4.1625
3.7
3.375
17603:
4.2125
3.8620689655172415
4.5875
4.631578947368421
3.4125
2.6625
3.3875
3.125
2.9625
3.4
10680:
3.1125
3.3333333333333335
3.238095238095238
3.2987012987012987
2.375
3.020408163265306
3.4625
3.775
3.1125
3.75
3.875
3.475
3.6875
3.825
3.0125
3.7169811320754715
3.725
3.025
3.0384615384615383
3.761904761904762
2.6
2.8636363636363638
3.35
3.575
3.8875
4.125
4.119047619047619
3.6875
3.8125
8179:
3.3125
7693:
3.0185185185185186
3.5
4.0375
3.525
17243:
3.6375
3.4
3.55
3.0875
2.9125
4.4375
5936:
3.4875
6972:
3.9
3.1625
4.75
2.975609756097561
4.225
3.763157894736842
3.161290322580645
3.8875
3.1875
3.7875
2.9375
2.8
3.073170731707317
3.6625
3.675
3.475
3.1666666666666665
3.75
3.4625
3.1625
4.0875
4.0
3.9125
3.8125
3.878787878787879
3.5375
4.0125
3.6875
3.7
3.7125
3.3902439024390243
3.0185185185185186
4.2625
3.8
3.4
3.2142857142857144
3.45
2.9452054794520546
3.2987012987012987
3.5538461538461537
3.0
3.0847457627118646
3.838709677419355
3.325
3.020408163265306
2.933333333333333
3.8625
3.225
3.24
3.8
3.45
3.475
3.3625
3.65
3.736111111111111
3.6625
3.9193548387096775
3.6625
3.65
3.3375
2.75
3.225
3.9625
3.0625
3.4625
3.5875
3.4705882352941178
3.05
3.1470588235294117
2.75
4.55
3.2875
3.2375
3.641509433962264
3.525
3.225
3.525
3.7555555555555555
3.6417910447761193
3.1375
4.125
3.857142857142857
4.075
3.4838709677419355
3.5875
3.3
3.642857142857143
3.212121212121212
3.9565217391304346
3.15
3.4516129032258065
3.2875
2.8181818181818183
4.583333333333333
3.5875
3.0384615384615383
2.6666666666666665
4.2125
3.25
3.875
3.1625
2.975
2.9875
3.225
3.2
3.4871794871794872
2.2875
4.0625
2.772727272727273
3.7375
3.6875
3.625
3.2857142857142856
2.6226415094339623
3.4193548387096775
3.5375
2.9285714285714284
3.421875
4.119047619047619
4.4125
3.575
2.979591836734694
3.675
3.0526315789473686
3.5875
3.3625
3.5625
16821:
3.4125
12497:
3.3375
3.6125
4.0
3.125
3.975
4.277777777777778
3.0375
4.225
4.05
3.7375
3.55
3.450980392156863
3.4125
3.2333333333333334
3.6
3.2666666666666666
3.9295774647887325
3.625
3.6375
3.857142857142857
3.9375
3.3375
3.675324675324675
3.65
3.3
3.8875
3.3095238095238093
3.475
4.0
3.7625
3.4375
3.525
3.388888888888889
3.75
3.764705882352941
3.9
3.7125
3.5375
3.5892857142857144
3.825
3.3125
3.2115384615384617
3.4375
3.027027027027027
2.95
2.888888888888889
3.1875
3.6125
3.0425531914893615
3.5
3.838709677419355
3.292682926829268
3.3375
3.3125
3.3
3.575
3.25
3.5875
3.425
3.725
3.0125
4.225
3.2916666666666665
3.5375
3.0869565217391304
2.3625
3.4375
3.4
3.9625
2.825
3.6301369863013697
3.725
3.9625
3.0943396226415096
3.2388059701492535
3.1142857142857143
3.35
3.15
3.55
2.775
3.35
3.575
3.6
3.4444444444444446
3.15
3.6625
4.5625
3.464788732394366
3.5375
3.3666666666666667
3.4468085106382977
3.090909090909091
4.1125
3.5
2.9875
4.26984126984127
2.6875
3.6375
3.6625
3.4375
2.9
3.5
3.490566037735849
3.642857142857143
3.35
3.8125
4.3125
2.55
2.9125
3.6052631578947367
4.0
3.3375
3.55
3.4125
3.875
3.3
4.0
3.675
2.975
3.5625
3.75
3.3333333333333335
3.550724637681159
3.1372549019607843
3.72972972972973
2.35
3.675
3.2
3.5375
3.56
2.6666666666666665
3.46
3.727272727272727
3.875
3.5125
3.7625
4.0
3.6125
3.7875
3.2125
4.0625
3.210526315789474
2.65
3.421875
3.717948717948718
3.3
3.725
3.7125
3.4
3.25
3.75
3.575
3.6375
3.775
2.945945945945946
3.3625
3.45
3.1363636363636362
3.690909090909091
4.0125
3.4625
3.35
12274:
3.6375
3.2625
3.1375
662:
3.4
3.7875
3.575
3.6
2.9125
4.0375
3.4625
3.1666666666666665
3.675
4.0
2.9125
3.2987012987012987
3.4375
4.0125
3.5875
3.933333333333333
3.2875
4.1875
3.7
3.641509433962264
3.625
3.7555555555555555
3.625
4.4
4.275
4.125
4.1
3.0
4.0
4.375
4.2875
4.3625
3.574468085106383
3.6875
3.375
3.625
3.125
2.975
3.225
3.2875
3.2625
3.4875
2.525
4.0375
4.3875
3.92
3.2625
3.775
3.5625
4.05
11707:
4.175
3.9625
2.7625
3.3
3.4625
4474:
2.9125
3.161290322580645
3.6625
3.45
3.05
3.5625
3.575
3.2083333333333335
4.3125
3.4125
3.225
3.575
2.775
3.1625
3.325
3.8375
2.75
10608:
3.8260869565217392
4.0625
3.838709677419355
3.6375
3.6875
3.4625
3.8375
3.65
2.825
3.95
3.2625
3.625
3.975
3.176470588235294
2.825
3.35
4847:
3.8625
2.8194444444444446
3.3375
3.6125
3.2875
3.225
3.6375
2.9491525423728815
3.1375
3.4615384615384617
3.525
3.3513513513513513
4.15
4.2375
4.1375
3.0375
3.579710144927536
3.486111111111111
3.375
3.4875
3.9
3.3625
3.5125
3.3875
3.05
4.029850746268656
3.6625
3.381818181818182
3.8125
3.1
3.073170731707317
3.389830508474576
3.111111111111111
3.6875
3.7
3.5875
3.1666666666666665
3.6153846153846154
4.4125
4.0625
3.925
3.625
3.2375
3.8375
2.525
3.2666666666666666
3.5875
4.2125
3.8125
3.135593220338983
3.7
3.7
3.1176470588235294
3.625
3.8875
3.411764705882353
4.254237288135593
3.7125
2.7625
3.5813953488372094
4.15
4.35
3.15
3.6625
3.15
3.4625
4.375
3.2115384615384617
3.375
3.3174603174603177
3.8260869565217392
3.45
3.55
3.236842105263158
3.625
3.475
3.0
4.0375
3.375
3.475
3.5348837209302326
4.0
2.775
3.7875
3.3
3.2875
3.4625
3.6666666666666665
3.430379746835443
3.475
3.5
3.3625
3.3714285714285714
3.7625
3.5
3.3625
4.1
3.7875
4.175
4.0
3.625
3.55
3.7875
3.125
3.4125
3.475
3.0533333333333332
3.9833333333333334
3.8875
3.9125
3.7875
3.8625
3.933333333333333
3.56
3.4375
2.8846153846153846
3.4625
3.525
4.3875
3.6625
3.2911392405063293
4.3625
3.375
3.142857142857143
3.2972972972972974
2.75
3.825
3.925
3.0125
3.6125
3.4625
3.859154929577465
3.775
3.275
3.4375
3.641509433962264
4.0625
3.227272727272727
3.2
4.0125
3.95
3.625
3.7555555555555555
3.3
3.4
3.4
3.1
3.7875
3.3333333333333335
3.9625
4.125
3.275
3.2083333333333335
4.4
3.3375
4.2444444444444445
3.025
3.3375
3.85
3.4468085106382977
3.375
3.625
3.6
4.3
3.7875
3.1375
4.6
3.4375
4.075
3.4875
3.4375
3.7384615384615385
2.925
3.525
3.6375
2.8375
2.9444444444444446
3.925
3.8
3.275
3.55
3.617021276595745
2.8412698412698414
4.318181818181818
3.0384615384615383
3.1951219512195124
3.5
1.5875
4.0
4.0625
3.022222222222222
3.25
3.8987341772151898
3.574468085106383
3.85
4.05
3.175
4.1125
3.875
3.8
3.8625
3.95
3.275
3.175
3.9125
3.9746835443037973
2.9047619047619047
3.263157894736842
3.5125
3.4871794871794872
2.5375
3.72
3.025
3.8714285714285714
3.5125
3.6
2.875
3.7375
3.75
3.65
3.3875
3.3875
3.675
3.564516129032258
3.857142857142857
3.9625
3.2857142857142856
3.6842105263157894
3.7625
3.525
3.325
3.245614035087719
4.0
3.275
3.5875
4.05
3.3625
3.210526315789474
3.1875
3.8
3.15
3.45
3.435483870967742
3.958904109589041
3.358974358974359
3.066666666666667
3.775
3.275
3.9875
3.857142857142857
3.8550724637681157
3.2
3.3375
3.45
3.7625
3.45
3.425
3.8625
3.7625
3.108108108108108
3.2096774193548385
3.675
3.310344827586207
3.625
3.75
2.075
3.375
15674:
3.775
4.075
3.525
3.3875
3.55
3.1625
3.107142857142857
3.1
2.5454545454545454
3.5125
3.1363636363636362
3.64
3.4
4.175
4.1
3.55
3.579710144927536
4.075
2.8823529411764706
3.8875
2.9
3.4125
3.4875
2.4347826086956523
3.175
3.5875
3.5
3.639344262295082
3.5454545454545454
3.875
2.8875
3.3
3.020408163265306
3.05
4.425
3.5125
3.24
3.8875
3.21875
3.361111111111111
3.5375
3.6625
3.4625
3.65
3.7625
3.15
3.260869565217391
3.2375
4.0375
3.1470588235294117
2.75
4.575
3.5625
3.525
3.7555555555555555
3.4545454545454546
3.6417910447761193
3.7125
3.125
3.55
2.9875
4.0
3.8375
3.6984126984126986
3.6538461538461537
4.25
3.3375
3.227272727272727
3.5
3.9655172413793105
3.4625
4.583333333333333
2.933333333333333
3.0384615384615383
4.1875
3.525
3.4285714285714284
4.2375
3.574468085106383
3.3625
3.075
3.5652173913043477
3.625
3.875
3.1739130434782608
3.9625
3.0375
3.15
3.4871794871794872
3.875
3.7260273972602738
3.210526315789474
3.6875
3.1363636363636362
2.875
2.6226415094339623
4.3
3.630434782608696
4.075
3.6346153846153846
3.717948717948718
3.1666666666666665
2.9375
3.7
4.175
3.559322033898305
2.2375
15358:
3.611111111111111
3.4125
4.1
3.75
4.025
3.375
2.6
11283:
3.4
3.3875
6632:
3.05
3.4615384615384617
3.1746031746031744
3.2625
2.525
4.0
2.375
3.020408163265306
3.1
3.7375
3.9
2.75
3.825
3.2083333333333335
3.5652173913043477
2.9625
3.5375
3.6
15440:
3.725
2.810810810810811
3.2375
4.175
3.75
3.1666666666666665
3.7375
3.6125
3.3375
4.0
3.975
3.0526315789473686
4.1
3.4625
3.5625
2.92
3.3375
3.5
3.3625
3.3125
3.736111111111111
4.2875
2.925
3.9193548387096775
3.4375
3.55
3.4875
3.575
3.6417910447761193
3.2125
3.0714285714285716
2.9875
2.975
2.9444444444444446
2.9166666666666665
3.0384615384615383
4.125
3.0625
3.5652173913043477
3.1625
2.9875
3.7875
3.45
2.6226415094339623
3.375
4.1625
4.350877192982456
3.75
4.425
3.5875
4.125
2.05
3.9375
8783:
3.466666666666667
4081:
3.55
4.2375
3.45
1.525
1263:
3.4125
7219:
3.6375
3.4625
2.875
16128:
3.606060606060606
3.875
3.325
3.675
3.55
3.5125
3.5625
3.15
2.782608695652174
3.6125
3.2857142857142856
4.233333333333333
3.825
3.0625
3.475
2.6666666666666665
3.15
3.5
3.527027027027027
3.6625
3.625
3.6375
3.675
3.7125
3.5625
3.5185185185185186
3.4615384615384617
3.789473684210526
3.2125
3.5375
3.3513513513513513
4.0125
4.025
3.4
3.324675324675325
4.2125
3.25
3.8181818181818183
4.05
3.35
3.255813953488372
3.5625
3.8625
3.579710144927536
3.7375
2.8289473684210527
3.2375
3.888888888888889
3.7941176470588234
3.3625
3.5714285714285716
3.9
2.7777777777777777
3.9
3.375
3.875
3.6875
3.088235294117647
3.375
2.9
3.225
3.1666666666666665
3.6375
3.5875
3.1875
3.5375
4.2444444444444445
3.925
4.029850746268656
3.5384615384615383
3.825
3.9875
3.0875
3.7205882352941178
3.3043478260869565
3.5090909090909093
3.073170731707317
3.111111111111111
3.3043478260869565
3.6625
3.0
3.475
3.95
3.4714285714285715
3.8
3.28125
3.675
3.725
3.6363636363636362
3.25
3.1666666666666665
2.8055555555555554
3.0
4.075
3.45
3.6
3.6625
3.566666666666667
3.775
3.306451612903226
3.525
3.8823529411764706
3.3095238095238093
3.2666666666666666
4.1
3.475
3.7875
2.8333333333333335
3.635135135135135
3.393939393939394
2.75
3.3125
4.25
3.5375
3.6125
3.135593220338983
3.625
3.6375
3.5125
3.425
2.9625
2.5609756097560976
4.254237288135593
3.575
2.8
2.9166666666666665
3.7142857142857144
3.5
3.525
3.725
3.5121951219512195
3.3875
4.055555555555555
2.78125
3.5892857142857144
3.15
4.5625
3.02
3.875
3.3
3.1875
3.511111111111111
3.9166666666666665
3.95
3.7125
3.5223880597014925
2.966666666666667
3.6375
3.4625
3.3125
3.2115384615384617
3.375
3.3174603174603177
3.027027027027027
3.3875
3.4
3.475
2.888888888888889
2.92
3.869565217391304
3.150943396226415
2.75
3.475
3.25
4.15
3.302325581395349
3.4857142857142858
3.25
3.75
3.769230769230769
3.7375
3.9625
2.7125
3.0
3.2875
4.1625
3.6904761904761907
3.5625
3.15
4.0125
3.5348837209302326
3.1666666666666665
3.525
2.775
3.3934426229508197
3.3417721518987342
3.477272727272727
3.5454545454545454
3.3333333333333335
2.875
3.3125
3.875
3.25
3.3
4.4625
3.6
3.3
3.2884615384615383
3.975
3.6666666666666665
3.020408163265306
2.7916666666666665
3.1
3.075
3.430379746835443
3.4625
3.025
4.55
3.8125
3.5
3.75
3.675
3.2580645161290325
3.0833333333333335
4.222222222222222
3.5833333333333335
3.2181818181818183
4.2125
3.3625
3.489795918367347
4.0
4.078947368421052
3.3
4.1
3.2
3.264705882352941
4.4772727272727275
3.21875
2.9873417721518987
3.8
3.55
4.175
4.032258064516129
3.2
3.4838709677419355
3.975
4.0
4.3
4.05
3.9375
3.3125
3.2916666666666665
2.7375
3.5125
3.675
3.746268656716418
3.475
3.7058823529411766
3.6
3.0533333333333332
3.0
2.921875
3.9833333333333334
3.5
3.3
4.191489361702128
3.2025316455696204
3.466666666666667
3.4625
1.6666666666666667
2.9625
4.064516129032258
3.775
3.4444444444444446
3.6956521739130435
3.8
4.2625
3.2125
2.8375
3.2280701754385963
3.6216216216216215
4.375
4.078947368421052
3.3
3.933333333333333
3.807017543859649
3.3636363636363638
3.56
3.8125
4.4
3.5921052631578947
3.210526315789474
3.0625
3.6176470588235294
4.0
3.4625
3.875
3.5925925925925926
3.5185185185185186
3.7375
3.2911392405063293
4.3625
3.3625
3.142857142857143
3.125
3.740740740740741
4.15
2.8292682926829267
2.6875
3.6875
2.9473684210526314
3.641509433962264
3.7735849056603774
4.3125
3.642857142857143
3.36231884057971
3.255813953488372
3.883116883116883
4.0
3.1
3.425
3.2375
4.0
3.5375
3.632911392405063
4.025
3.347826086956522
3.018867924528302
3.5875
3.75
3.8684210526315788
3.388888888888889
4.0
3.6666666666666665
3.9545454545454546
3.255813953488372
3.5945945945945947
3.2
3.6125
3.3225806451612905
3.1
3.75
3.7555555555555555
3.5125
3.75
3.1
3.675
3.4875
3.6417910447761193
4.2625
3.738095238095238
3.6125
3.725
3.2125
3.3333333333333335
3.3461538461538463
4.175
3.1875
4.125
3.7313432835820897
4.1875
3.4375
3.725
3.707317073170732
3.2083333333333335
4.0
3.8625
3.625
3.4875
4.2444444444444445
3.0625
3.2875
3.464788732394366
3.975
3.375
4.0
3.257142857142857
2.975
3.3666666666666667
3.95
3.25
3.341463414634146
3.6538461538461537
3.575
3.25
3.6
3.8125
3.8375
3.5625
3.65
2.95
3.9
3.642857142857143
3.3
3.425
2.72
3.9565217391304346
3.9655172413793105
3.064516129032258
2.9625
3.575
2.9
2.7375
3.1375
3.2625
3.7169811320754715
3.4516129032258065
3.56
3.324324324324324
3.7375
3.5625
3.775
3.7341772151898733
3.925
3.576923076923077
3.604651162790698
2.861111111111111
2.9444444444444446
3.95
2.9166666666666665
3.7333333333333334
4.333333333333333
3.4675324675324677
3.8375
3.5
3.617021276595745
3.6714285714285713
3.28125
4.375
3.641509433962264
3.3870967741935485
4.318181818181818
3.7222222222222223
2.843137254901961
3.1555555555555554
3.3625
3.4
3.475
1.6125
3.3972602739726026
3.7037037037037037
4.0
2.9375
4.117647058823529
3.3333333333333335
3.4285714285714284
3.7254901960784315
3.9746835443037973
3.9875
3.5375
3.574468085106383
3.7125
3.4
4.818181818181818
4.117647058823529
3.7
3.9375
3.3225806451612905
3.625
3.575
3.171875
3.7777777777777777
3.5652173913043477
3.4307692307692306
3.7857142857142856
4.1125
3.1506849315068495
3.127659574468085
3.546875
4.075
3.8958333333333335
3.725
3.725
2.975
2.9565217391304346
3.0
3.275
3.0625
4.1875
3.225
2.9047619047619047
2.877551020408163
3.020408163265306
3.263157894736842
3.4875
3.72972972972973
3.72
2.6842105263157894
3.6515151515151514
4.083333333333333
3.4915254237288136
3.35
3.8227848101265822
3.1690140845070425
3.3875
3.5125
3.8714285714285714
3.6875
3.6125
3.6
4.5875
4.117647058823529
4.3061224489795915
3.6
3.9166666666666665
4.175
3.2625
2.9285714285714284
3.4166666666666665
2.9166666666666665
3.9473684210526314
3.507936507936508
3.3875
3.9875
4.2125
3.1724137931034484
3.7547169811320753
3.525
4.6125
2.8
3.2857142857142856
3.2241379310344827
3.736842105263158
3.3625
3.857142857142857
2.85
4.111111111111111
3.8625
2.6226415094339623
3.7625
3.35
3.325
3.9
3.176470588235294
3.0625
4.275
3.5454545454545454
3.75
4.0
3.525
3.7
3.8
3.65
3.731707317073171
3.9523809523809526
3.0
3.3625
3.3625
3.6
3.6956521739130435
4.2
4.40625
3.3375
3.3076923076923075
3.5625
3.1794871794871793
2.7916666666666665
3.3125
3.257142857142857
3.717948717948718
3.272727272727273
3.6346153846153846
3.8375
3.625
4.203703703703703
3.5375
4.072727272727272
3.767857142857143
4.223684210526316
3.754385964912281
3.4375
2.9565217391304346
3.875
3.525
3.8375
3.4
3.4
3.358974358974359
3.066666666666667
2.8125
3.2875
3.525
4.125
3.6956521739130435
4.153846153846154
3.45
2.95
3.2125
3.375
3.395348837209302
3.5217391304347827
3.484848484848485
3.3125
3.7375
3.6875
3.108108108108108
3.2096774193548385
4.4
3.4857142857142858
3.4375
3.4125
3.4875
4.7875
2.8448275862068964
3.185185185185185
3.021276595744681
3.310344827586207
3.325
3.125
4.075
3.066666666666667
3.9375
3.9
3.875
3.675
3.310344827586207
3.240740740740741
4.025
3.6875
3.075
3.7625
3.588235294117647
3.2027027027027026
3.0
3.8333333333333335
12730:
3.5
3.775
3.5375
3.0425531914893615
2.9714285714285715
3.4125
2.9
3.5106382978723403
3.7625
14632:
3.45
3.45
3.5223880597014925
3.675
3.6375
4.5
10510:
3.6125
3.8625
3.6
3.7875
16650:
3.275
14497:
3.2125
2.9125
7180:
4.3875
3.4875
2.9220779220779223
3.075
3.65
3.0125
3.2125
3.0
4.025
3.9875
3.2875
4.15
3.3875
3.3625
2.3289473684210527
4.3125
2.9375
3.5375
3.225
15113:
3.4125
