14370:
2.9733336849378897
4584:
1.0
8619:
2.634925274066283
2.926005662737218
2.824015083772278
2.9658563692086157
2.7061642274819517
2.726357731440433
3.0205966726660893
3.1582745996496953
3.208928535720206
6085:
3.8137260954164574
3.8907455012773706
3.895875529063578
3.972984608175654
3.9252837864985506
3.8173246998284087
4.017601758645862
3.8620362730862676
3.9259585947093414
15389:
3.850590140743413
3.7712192464211167
5561:
4.072517714862252
3.8736798187731103
4.241041369016868
4.233564532487247
3.994671243058539
4.142670849935923
4.178393766430082
4.095012560687809
4.234267577960843
4.21778352577768
4.2178131733205175
4.141402054787573
4.103920152894361
4.004983276632325
4.155289574209386
3.8829871710996446
3.983129395494236
4.199461501066473
4.084101918429337
3.949222719553789
4.081220372588209
3.8630537937400056
3.939794396210395
4.114271696407254
4.025831887084896
4.108735523252914
4.028114570359592
4.042361496852838
4.24997307624701
4.051494623220413
3.9217531164910455
4.199959307578839
13352:
2.6371127157818277
12003:
3.7305979959346716
3.436459377756875
3.4182836379125003
3.5932197614125214
3.646704165877351
3.52749379952496
3.489324095265528
3.6319792731881457
3.610105400262014
3.7128413387340458
3.6407975611855474
3.4651364087230934
3.6128262365048567
3.5789730410302516
3.488590848495143
3.545946492243988
3.7811583648188645
3.47688239175291
3.664944856182552
3.5934960634511675
3.4476131300057613
3.780774260583295
3.7630568908720186
3.705451877660429
3.441310440402265
3.6148921087564805
3.5718822638464838
3.578685473685475
3.5438044088696676
3.7053306463200646
3.5735571405567175
3.4830568585326573
3.5885629943660624
3.5162744363387994
3.725631650684867
3.7394119352124977
3.6350201784686504
3.5958836679725814
3.6218382053410796
3.71768854095016
3.595703810076268
3.5320540773509683
3.510190887545124
3.4703352971718453
3.612193009013732
3.5687498068458097
3.6016980251372535
3.5413215099487
3.679923615787996
3.545177333924321
15881:
3.494517802288844
6123:
2.747049407830207
2.747055492729741
2.7650936341932617
2.744004816972577
2.7736344580770047
1348:
2.4654554534356556
5732:
3.9149212745735857
4.318131259751743
3.807977798524065
4.061950078065877
4.018269541537022
3.7937080714875795
4.192070229411783
3.750467660825601
4.120072091974584
4.054611515243027
4.260126269428305
4.28241299599725
4.244167354781676
3.770804941696905
4.172932872628143
4.183402652007819
3.7489692324031214
3.8938302333406907
3.867026641873597
4.178767624894935
3.76239831391108
3.9338704262244533
3.804297257629396
4.092287137546204
4.236946199876032
4.254397068116365
4.336503533011314
4.170419206826354
4.051775140332886
4.046091427035638
3.8453185696741885
4.242991802642274
3.611615853188726
4.0795180282937356
3.808265850436262
4.009869110272577
4.1005185995635784
4.357562595889088
4.034304871873883
3.8394471789762887
4.156977145596264
4.009659146235281
4.068690718387442
4.001007322349878
3.848052356987634
3.9719878840338385
4.328103973665752
7705:
2.9496261520445213
2.9492849581683136
3.0664116489937707
2.9637986558844736
11890:
3.296678685084767
10276:
4.15111867445174
424:
3.4704209572665032
3.518867435359616
3.570128460947889
3.5227259774429873
3.3923143698920266
3.8160476327081527
3.773533745209134
3.559866494500151
3.468604308401563
3.8077282067024356
3.4677309288066533
3.6463338330523265
3.7994548950764147
3.4507064839631556
3.6501898037605005
3.3846375027109996
3.5795439853820095
3.6336490179966696
3.6966651585475443
3.5054054893361037
3.578322907865374
3.691512701254435
8539:
3.8552524846368774
3.8669769696600755
3.8726990998864803
3.8942702815849466
3.8365793497560974
3.84942374010398
3.878409317483664
8376:
3.851538311212997
3.8770628961787867
3.8558027676229303
3.8575410307861575
3.766066732517476
10271:
3.20631364224201
3.1390835189891195
3.2372773937183754
3.186587317474574
3.259512370621245
3.1748008374428376
3.22058802973613
226:
2.1809403026417744
8576:
2.7413635933144787
1897:
3.5380186749008518
12962:
2.778252828470796
3835:
2.657006182353256
2.6294312225791883
2.7395170198436203
2.724699712542541
2.6544383790833033
2.7039638145343443
2.553584085981409
2.6079313115624565
2.6821958307860916
2.69921729646757
2.6175270738432674
2.606313681096917
13102:
3.055930199052644
3.10961387729159
3.0864024334467417
3.0797803618284223
3.186999546260139
3.0859583988186756
3.1177550113489336
3.1052067302800994
10851:
3.6307390808403577
3.6157000294368427
3.647887762221794
3.6274464933167656
3.6948414951933066
7055:
3.249157037120866
3.229448731226338
3.047785232676741
3.174912142235698
3.275556189270584
3.306152706124289
3.4851174859518563
3.2270443147093384
3.3380113379317127
3.2952075905485065
3.523336453063641
3.34405588373285
3.488909541960121
3.550500969232761
3.59511875898209
3.0647839297464374
3.008165068603812
3.5410058717714166
3.405375036011381
3.4650185423788797
3.547465994290315
3.455772752572269
3.0784185336103067
3.5696968614695295
3.6115352348729775
3.4322127586409623
3.5128524421696614
3.451072614058528
3.4279978432744485
3.5276054562547734
3.3780003875213223
3.2239510840773318
3.416235468711796
3.5752691446881206
2.9627001998798095
3.2432728804436985
3.5486597825933206
3.2864318862853694
3.446352285998629
3.4036065426197575
3.54287110775636
3.5475374632021426
3.539603161117367
3.3275488027721765
3.578525298513783
3.1624839922159906
3.6899022133832293
3.558213795217415
3.2276819517633
3.571359989986089
3.6527462589839605
3.4211633819043032
3.325150599517753
3.555362472844875
3.527425556213851
3.4202389448436388
3.5806651807694165
3.553693854471177
3.5019127345707877
3.523818961863797
3.4908613751623045
3.287784026689972
3.2144653753717773
3.69965747496912
3.456609764091764
3.361447150211365
3.4908376831514873
3.488685167877737
3.499750000366643
3.6675395662250656
3.3913369467741914
3.4040010857627374
3.3053437879172307
3.459809554498782
3.412193847516935
3.606849158970172
3.5943153165777764
3.6014920702370032
3.502553296841384
3.6053763774867438
3.158365848771828
3.517936611794865
3.559565355612436
3.289878695910957
3.432293668333289
3.370645647909451
3.0194139957028745
3.4706072877463425
3.5189341733551833
3.5271887063802323
3.516803150149631
3.3038626282568777
3.109131529851088
3.3095521835140436
3.122987778834524
3.548948244721179
3.522285900093465
3.3402355140678615
3.212775485763272
3.6225810636706575
3.1230181144137146
3.434238651041961
3.3787661267605427
3.503061589794435
3.529258449867513
3.5914244582267125
3.459799037257219
3.375707613766089
3.515486339001149
3.4293519641574073
3.482839889680818
3.043439514891082
8936:
2.8457344733703462
2.736509143158739
2.673151375911003
2.849008037152446
13953:
3.619608211634543
3.5118989610829208
3.582523076614526
2037:
3.143122310861284
3.0699484762272524
3.035943199413666
3.1854037444227083
3.057989489217155
3.034238322813819
3.1305942207698507
3.0802057565912926
3.077570001388193
2.9522406131152072
2554:
3.333402575366126
3.2275954486520972
3.464367791983313
3.565871356647251
3.4086974766695137
3.344120130682274
3.425643126397781
3.455219994829281
3.341489177982932
3.476965365991889
3.4188884002811113
3.3648323902825137
3.5520647865269734
3.391320482734934
3.203428251479369
3.5578977629368733
3.31023597121937
3.3021920863193475
3.306035981134269
3.218406643685143
17603:
1.9933220788451487
2.137451939614321
2.126469891969763
2.0796955710403413
2.0748414836414533
2.090923477286381
2.0541767697741404
2.0291750953095393
2.15788436789827
2.14441356518543
10680:
2.5573275764205117
2.7018449156090956
2.579718456806348
2.7293706029828297
2.685833821002148
2.3485286482617993
2.372583187770801
2.5834233008411727
2.548429984807324
2.6699977742785856
2.863259888930955
2.4261130510482465
2.8507796949963846
2.53353347245652
2.63960918751856
2.3030959747561193
2.6598378705843393
2.6068278995347143
2.900758356826921
2.3828489840785183
2.436624057430833
2.464367851836724
2.716937898137333
2.6540630316853404
2.5453485275174152
2.6580683342563756
2.6485291635018346
2.520534050262449
2.6687203770242753
8179:
1.0
7693:
2.492438174913589
2.65270568665122
2.653093537087615
2.6722018140192993
17243:
2.6764133891309405
2.7283756807676793
2.699512979281711
2.6900235333218614
2.7714107876289416
2.700781024009294
5936:
3.196523452203604
6972:
3.7235381672738788
3.6925705868771534
3.2603616021802715
3.623275422463158
3.4925575506089124
3.6358522582975104
2.7108182707063033
2.9380018426834105
2.7153187552094646
3.777662439794433
3.2794390037577794
2.919901941727052
3.2710463198450404
3.5550487858900284
3.4666940935470434
3.037078957277524
2.928179157683862
3.6187722662537425
3.319787508039176
3.58011107125796
3.5326638900816967
3.02432496330101
3.2491382609269635
3.201056918903001
2.8179842347084048
2.354570839740954
3.148422397063001
3.4740119866362154
2.5453986520549763
3.1603784781993
2.875953309438762
3.6525260176759975
3.484150831359801
2.8823350188861507
3.3224718203683756
2.64032875436207
3.5905779035080374
3.8256155471262643
2.4992158601403798
2.9643428948737935
2.9271987636584234
3.6164221811135393
3.560605446985521
2.5492512874280835
3.759803232621507
3.1304224699368306
3.382522419513338
3.1257238879986984
3.6043977544095505
3.500740833141331
3.9070297705833124
2.6452267737181394
3.5584629818792783
3.4893269609867588
3.563168290189837
3.3419513783477943
3.9502898651194327
3.901264128979999
2.24169325566941
2.50438965650384
3.328406060324443
2.9930432000636116
3.62960147112261
3.1222385839080653
3.8565885359965164
3.2632048301588106
2.816223755827035
3.510446276037325
2.810853207726107
2.8918086536065655
3.794963774236051
3.555719403357118
3.2172662368840843
2.575352500588947
3.010400535757824
2.648380116715681
3.4575306460680153
3.2830983470487807
3.7700344122987257
3.5105227781723327
3.799500252484628
3.3067706515980593
2.657167681911229
3.2456870899490675
3.837386439695943
3.070252341373898
3.3732787276444953
3.750550170244547
2.8237255200959113
3.260698871825595
3.242897215652875
3.0703481879843233
2.707842466015158
2.7429212388137776
3.7179262196822322
2.5126610823609528
3.944699719112177
3.216480240098447
3.3386901529422857
2.870978186169353
3.1733535590486053
2.5077735919760142
3.555917676479951
3.647038360901549
2.8478897582665006
2.977842230662377
3.1681016995097737
3.4195504752226196
3.755349814548099
3.1896441974471434
3.1746316817509617
3.0151230873256116
3.2747313628963064
3.319131707785647
2.961594525270322
3.4955037537483507
3.25189938225785
3.57957255470148
3.0220466751841304
3.809460281406511
3.653279927844619
3.164629637853899
3.1777786470804985
2.461903661823674
3.8547711934489817
3.6381939016118565
4.050821510869923
16821:
4.127569742276135
12497:
3.317831952156637
3.1100505607959126
2.9685593539433377
3.1753982133976337
3.205923298541194
2.975091978567862
3.18595211127131
3.293871696912017
3.274217119708955
3.100531498390189
3.1960297549627574
3.206780365384874
3.3251606911940885
3.2289757175431317
3.294979736369561
2.88809839399645
3.140715764467689
3.186685706256501
3.303192517310719
2.9250264694200467
3.2592313738083636
3.1619455167848307
3.1017209504590664
3.3371301739226156
3.2394473689334835
3.298845139886138
3.021169259968212
3.4470992192698957
3.171989106099529
3.259702201114482
3.318443682047384
3.133899740235827
3.182334851949678
3.2507797156028957
3.0888636882890457
3.029679869633025
3.3521693220918523
3.2849871734017997
3.073324753135513
3.1906228494209756
3.2537215459174433
3.1859199730011234
3.199012550524236
3.1711527772573045
3.2112419031829456
3.0929981351440814
2.8821166273702548
3.2579267920851946
3.1419803865074227
3.2794269137039294
3.0937945128560416
3.2416283546530513
3.1777462130358587
3.2498100987236196
3.089775912329116
3.124567744128883
3.21524589221386
3.281028944766296
3.2617564791870075
3.242368716430771
3.121081100895135
3.2830569682322355
3.112353670139746
3.2625346836067486
3.265142321151412
3.205372881704803
3.0812129943236215
3.2216708716800886
3.362445879549674
3.1001767855343028
3.261176920176928
3.1726178223485637
3.293793275317625
3.115207147871108
3.267059316083293
3.122828212238548
3.2505214541791307
3.294181746000693
3.2735709702860647
3.201682397325533
3.2127696105963355
3.1376251372883477
3.2573323077275327
3.0265086767499634
3.2516873632818735
3.253189265250431
3.1335101601662863
3.1422388789504403
3.1873940828718554
3.0854105714806117
3.231163769615778
3.2022288065285514
3.1822855180116423
3.20409136487186
3.2286119311027814
3.2107555068246088
3.165667228105061
3.227356553820971
3.2898059431231843
3.2089279103865316
3.2769868134984477
3.017800445955378
3.0855419434731903
3.1017773838779883
3.1137725680687947
3.2550524075781464
3.2175366541619668
3.293292633837062
3.2025311655172874
3.1602891503741133
3.1874880943385424
3.1783974237364525
3.152335701161483
3.1431082744458063
3.1903249571293593
3.17964173382916
3.243243612221214
3.2818661915376017
3.2687205697327695
3.237380263974542
3.1956693164051573
3.115003128839898
3.173015629096753
3.040125250034164
3.1048325102384817
3.261577651988398
3.224894852044864
3.2783843407616713
3.2664394632194584
3.1745202505683454
2.9444962189360346
3.0913610447559603
2.9129345722013005
3.171591853937726
3.1529259225202195
3.2370462143698777
2.9779523772246765
3.2129160853414325
3.254829098913752
3.252808999813466
3.376282808110994
3.1316434583666233
3.206564755332435
3.307750004629714
2.9478279376098766
3.1597443338619033
3.2421669973808216
3.212078515365166
3.236330560215535
3.221061278751772
3.2120378134325094
3.2348483607988987
3.2360290437878
3.279399455064652
3.1416574722631756
3.2513794073369953
3.152795762079674
3.2485474999180015
3.078067256778448
3.1090797115582345
3.258437649594501
3.072635089783494
12274:
3.1977613792532757
3.1465289906961966
3.1787384299486097
662:
3.6822483347428645
3.565850259130749
3.5980360252366808
3.6789982211864194
3.628495126389989
3.5982118033663895
3.5894142274321643
3.707103138181763
3.5905158028630155
3.714544566718213
3.5588461348088543
3.72471448506135
3.748637336241699
3.6522410315707745
3.646752290391055
3.6356260191642864
3.685711499944994
3.7771259328644358
3.684773179583879
3.795748822777976
3.600087786952576
3.632547053709263
3.794189244856987
3.590433739716266
3.755443590057094
3.651357764077215
3.6676268914139927
3.5665755015534724
3.6789720178006293
3.6509920292556064
3.701740468163388
3.6817375473349374
3.6654612337974775
3.7011339522759137
3.663157293109601
3.6165966726258674
3.6802109479774616
3.706871542349598
3.6640137994390884
3.6473260948658663
3.689548836137711
3.627388546896676
3.613366315836
3.552658445775963
3.718115422701508
3.6837832701164475
3.6412102350840496
3.610447712941898
3.731614246658352
3.7107984605649973
11707:
2.3892576645131918
2.4531606236832557
2.300721237676667
3.1723546674693197
2.3465975450033634
4474:
3.120329193839661
3.077942235739328
3.108146910835583
3.1383500793374655
3.123667852457071
3.0686550415062523
3.021007115535634
3.0503176686731353
3.0584379546541824
3.116102118660823
3.0890370310253545
3.107105522969758
3.1441809838876815
3.0653142560076327
3.1503542084162426
3.050822083328532
3.0311507119031678
10608:
3.7608025105106497
3.689330739125774
3.554462327097838
3.692792031833722
3.7432540618374586
3.7084246818612394
3.720450823399225
3.7130086245158394
3.737525060753739
3.680593626228867
3.644087770774221
3.689099846135886
3.85861776894857
3.597927362112565
3.6364997960221452
3.7294063405757063
4847:
3.9223925910686153
3.9330207896222995
3.9245536729420056
3.8414463667852194
4.072883900737867
3.9505903060209757
3.8461095715968066
3.969225078789237
3.936085384733053
3.8953066677532284
3.934851843496674
3.835241037716713
3.982519607146059
3.9819804950475683
3.913510662038966
4.024450038238106
3.8917314125105045
3.9248402245710405
3.8522705235333605
4.039104907236047
3.9759289300798066
4.002081418066683
3.908519087769847
3.91597084844354
3.925691210176391
4.056400735682134
3.959161907225073
4.010564618360046
3.9814864616970884
3.9885853789800385
3.8117297194635595
3.935826239794392
3.883449265631014
4.022382893165924
3.9027120143375678
4.061539891974117
3.9933445485823715
3.819828133480188
4.013371919943538
3.9199331190581885
3.8448972631259606
3.8117637004676155
3.8993273563377855
3.987585772590536
3.941494520094375
3.818252829764676
4.022101724311106
4.109036915866781
3.9822151575017166
3.978208748404447
3.966749783548915
3.9417174687518632
3.8355708543724463
3.974740528784175
4.114260889651692
4.049813576114557
3.8246073876333706
3.9626434474534764
3.8973303230258507
3.9014860159333162
3.9238754452078544
4.106554675632841
3.879234812259444
3.924161854223596
3.913422693567122
3.882485293163224
3.9143122796225818
4.035601801723944
3.888265078240587
3.903949834553755
3.883985006788249
3.9189486968362024
3.8835255667195243
3.844937555405445
3.9528390111239284
3.89675703373427
3.960719351739694
3.970754184061286
4.092393520241922
3.91000805923935
3.9099461253996393
3.941195465843326
3.9766284957351914
3.998228553261529
4.035338070601274
3.8554433649574653
4.051984818217186
3.92532942538024
3.9438801130036305
3.9733718941170904
3.987716098219268
3.937513514524901
3.8920626434840866
3.9964928558851938
3.956708104893715
3.8884660383624494
3.9000405052264266
3.9754741218412994
3.828553353360886
3.8134464201279203
3.9029208777400726
3.9708158198548817
4.056604528846486
3.9249075555464716
3.8929351170217195
3.866068596054088
3.8034831831619216
3.9374496865808433
3.992386233647851
3.914143615460769
3.970887374700094
3.935588379333853
3.943796392242005
3.9021750994089004
3.9323189046454496
3.8257611118038435
3.925327177724252
4.011633497220785
3.9083518215289894
3.968145841872448
3.891957255716622
3.9073657718452193
3.9088676741374466
3.888249671279701
3.943828517828095
3.839669910387579
4.047503729509048
3.9642846671242618
3.949508717079962
3.895261865372748
3.8938936167260394
3.8659900955611457
4.0076396994086325
3.9864629300443934
4.116917642794276
3.8754824171180675
3.9106377778025516
3.910617679851913
4.057946547947665
4.001455215129994
3.8753490019946017
3.91476210398034
3.95435872430645
3.9676424390466134
3.840810275321899
3.9748963190998285
3.8187086591177115
3.8601455592374934
3.922717906856672
3.9940820616123562
3.952791437800098
3.8266051695948944
3.8275508867233445
3.871133745727235
4.024972575987012
3.8056070683874457
3.9941349516610467
4.0041406108496975
3.9783670986627033
4.0371055399090485
3.9730532181584195
3.978197725489005
4.003892438154905
3.988133594784019
4.026631265725704
4.070648696483678
3.8896718201970333
3.925646065199965
4.116278638431719
3.9691994360984486
3.956870404066742
4.001541914011087
3.974122734136515
3.8814196006505117
4.078040375723146
4.036756776922093
3.9411056948038636
3.826625400195514
3.996769198212161
4.061255789706134
3.95892505290379
4.030293272555845
3.9090612671864293
4.068077797168111
3.9639913980494788
4.027747936972352
3.930307575082268
3.9290704627627164
3.8312142231740327
3.9196902006980583
3.907434485223546
3.9978369311156285
3.8421457023185117
4.009348936514387
3.921730428433397
3.9300962141416464
3.904679894094166
4.0224077581518705
3.8576348055106977
3.8524945798220736
4.011286492165755
3.9648291863169938
3.9634394211476924
4.037611048481367
4.0133795832292405
3.9443068954535967
3.918741046208202
3.8743148284854847
3.9797510978078217
3.967918752304727
3.9746297691412935
3.908874409900776
3.9357197164696975
3.9413484262857708
3.9644060189716006
3.9550718713505946
3.9354636495925663
3.961780064532666
3.9823288078598558
3.9163361159331336
3.8807636588873793
4.0077234222009075
4.030318330468532
3.861020063385407
3.9158033420857574
4.01998853865392
4.01180960900772
3.9449851307929964
3.954671085021835
4.051687841348297
3.9377709459559593
3.9170019398598486
3.8885769190804087
3.8326398504956667
3.9545535204752666
3.9907267566950075
3.81336206497195
3.9156185232532597
3.88583293832405
3.9119524839272373
4.034316817867021
3.9358757514574156
3.948019075557086
3.988500607525861
3.890711877779784
3.9244213580366845
3.8803888731377163
4.018797710599313
3.924286016269077
3.9722524850134597
3.995472163109689
3.988583322368826
4.045411178527686
3.962234965963984
4.0529395114443485
3.9924537415724863
3.864907533313826
3.937292771512943
3.893596367177432
3.83845842128863
3.9169628814251634
3.930652713655337
3.8778630993076333
4.021571383259793
4.0621416944179645
3.9523268825479683
3.8942602997158184
15674:
3.2748763243492283
3.2413323479948843
3.471271714286771
3.4072787516569583
3.5329533320674398
3.528158601522988
3.559895262517058
3.4235492523584874
3.53642155950991
3.574422865563887
3.595011860775028
3.387085696321611
3.3800171308495464
3.4611497343207374
3.4062981248176434
3.653443919708039
3.5506236327745255
3.4720830973043295
3.5264896664246064
3.3562358998001014
3.3513848653635563
3.415290105691966
3.347234277644313
3.7399127487670967
3.5163107033128895
3.3045613945525507
3.368811351125519
3.3936477378045313
3.5585376795317387
3.323394184379388
3.2157550767169485
3.4761101328298794
3.636331463751859
3.3570276170030517
3.427062335368401
3.329509475626927
3.723441059456459
3.3705406125888473
3.59994040816328
3.441291633345061
3.412469295133946
3.52126532227348
3.4238665714226895
3.0913274031413525
3.2699347079643135
3.2824097634515734
3.5478268013179086
3.4727757465545652
3.501317914738914
3.3973731248853882
3.3408483907242816
3.4450298956397205
3.3052214491274037
3.3056309126862304
3.3930213167370438
3.502170628397431
3.735429845502149
3.4202344654491945
3.3661125515020416
3.5102723699975913
3.3518248812086475
3.4063151583784417
3.533419598620508
3.3170700168823237
3.4428549778802955
3.620471523204026
3.3561447943030034
3.4379806921423386
3.6346075647937335
3.2801050723207656
3.1659327108306305
3.103563902023423
3.3754445203969485
3.186257347649235
3.3075430891433326
3.5600466049971535
3.616495026708972
3.2464459479225036
3.1775055445003657
3.375674412208084
3.3914933637788205
3.172105913141293
3.323754341334684
3.3082872163366153
3.672946996292519
3.4386650635820546
3.4221911099312194
3.6431198387558466
3.314768039065342
3.2857614441904444
3.351831336397848
3.724199382091667
3.227942528962734
3.480329098977054
3.5112459141593035
3.6832760472185386
3.516971556149764
3.3278248684735185
3.4796830562607406
3.321367266158455
3.4941203279255695
3.434144909473924
3.4553449648309202
3.4331516212962034
3.3476563115400797
3.2992997337000043
3.0895914072135278
15358:
2.315049605046932
2.314752268516331
2.350615809457268
2.7189938473596054
2.431699363231558
2.4652530427062445
2.3752508069003766
11283:
4.241203802242126
4.160849823027773
6632:
2.9908681190330264
3.0077426083925864
3.0634246201563475
3.075008932688724
2.9937433002749465
2.954524332769683
3.1641466914168794
3.0667647506967537
3.167826694002129
3.027292079655124
3.077022121731164
2.972613275262263
3.0296452581890603
3.2330169922716774
3.156662437840524
2.981940177194356
3.152259035473446
3.1250079127905446
15440:
3.1751066362528655
3.390407789965302
3.317375581405807
3.487966796403735
3.137675801966069
3.2648241354665513
3.2847445956928953
3.2066983484313343
3.1042545087005324
3.2325040432107923
3.503831821278224
3.253691577891198
3.2651348850726345
3.3248155438364995
3.137474931497664
3.335824287924484
3.1093272428570895
3.289012455723601
3.213981014475879
3.287521642326955
3.4983655046395814
3.320458844879191
3.1392282450157976
3.387633808596467
3.30628431894726
3.456857100385034
3.3869724629758675
2.9746081565836193
3.3691867758499665
3.3689776935734486
3.393105869303353
3.1528216748612
3.3978687489642634
3.2824594423044267
3.3912612436888456
3.066350230527638
3.1787383893197934
3.5068032173730384
3.1503481346417397
3.5118400961830694
3.128912332592633
3.3649567559289766
3.113361062234375
3.136422419803055
3.41531182630236
3.291114743524056
3.2157244568500127
3.37598545584331
3.2408317860174902
3.0455629094558585
3.5616040439943832
3.417155078600986
3.1653471520409786
8783:
3.1452549351843904
4081:
2.943880629501303
2.943880629501303
2.943880629501303
2.943880629501303
1263:
2.821590642866118
7219:
4.307962853523055
4.29403595407798
4.254014432462726
16128:
4.006481039233644
3.819078194557715
3.894092410081431
3.2266017419579622
3.6987986746392965
3.8643137948648247
3.519798705793689
3.82840153496504
4.033834723812657
3.8822018589767717
3.858338106166653
3.7531308282264515
3.138690300056363
3.925867061096693
4.182052944862657
3.949231314155784
3.6681719208868095
3.8811388785743244
4.121410319380456
3.375497308018333
3.8424741648051106
3.9258895713235957
3.651673701078874
3.538532735054262
3.6556632428750655
3.7983164484938285
3.965634494201628
3.4365314231711066
3.928297191957977
3.7790916681357576
3.9892402435031284
3.5695399104157097
3.232895561353909
3.935530630452944
3.946591139577393
3.7131076864954355
3.911037778476504
3.830255518099248
3.8677462393737274
3.6893123093911995
3.853523814040425
3.525392061731647
3.5784045620068445
3.819281671261822
3.8859443279420574
3.951233975912057
4.0453195654673575
3.822951609959735
3.9477781357164385
3.7854305767830763
3.812757086384002
3.6831157893086774
3.487974836144475
4.026659795434481
4.0069643177158305
3.834181442944714
3.3681220618900705
3.907276295124482
3.8580606474907775
3.6849443064780565
3.7380217867733507
3.7479096905537297
3.7133617669513677
3.968151006050431
3.90340766355071
3.5419865775262283
3.8405349067504266
3.594925871296553
3.848109034754449
3.8250058558163564
3.6963943657296583
3.624628937924262
3.844472250912518
3.5555036573315113
3.957910450744195
3.709282379438665
3.8243391952837293
3.535677460764644
3.986207184476057
3.974344972994582
3.9729968021917035
3.9267877008469423
3.736915127171956
3.6512942209813257
3.9357147880736285
3.7885415606518587
3.862233894873651
3.6095705342247864
3.6220422252801012
3.838504218931172
3.7816814680004542
3.760130405863831
3.655447695995165
3.9873404776450587
3.7201062148821156
3.6420511212199553
3.633638821621298
3.646120562312134
3.4488492541881905
3.980946576759593
3.8472163316597383
3.7269078980911474
3.5928602558070546
4.015204375437667
3.833201437290868
3.594466338485753
3.739355995699092
3.4412337741500485
4.0277611119535255
3.593337931911784
4.085609076536879
3.834252076216137
3.372137220738904
3.718516352592486
3.713072500120124
3.6974005206769935
3.558088638582844
3.524339467611805
3.3962908626660377
3.9769707706350435
3.477969018019981
3.5754973628413085
3.7430092476686454
3.964363123057079
3.9347887366416647
3.9838875808707197
3.9100807380305107
3.9086206674608572
4.182690764333745
3.242434891914525
3.9424896496944513
3.7665933796788944
4.082391419211254
3.566514845172991
3.5166686428625686
3.7935783349726964
4.123176101228133
4.052659396234246
3.858072280122226
3.383989743116633
3.861252848081653
3.4789609779197392
3.941033044458831
3.2860949065886085
3.8872677411075824
3.9492258484788376
3.6863978931455046
3.756322094133676
3.823193574206751
3.4992264103180473
3.5400061701752867
4.020672043618271
3.9375845955191298
3.756241563246796
3.763825643296479
3.991421038487985
3.8782833155841745
3.934369687055365
3.739325523326921
3.4023908772344753
3.763685870376146
3.709683055842209
3.6090004263183095
3.5400848150402746
3.5720805693115247
3.8215296347868186
4.173592056020866
3.919409216966242
3.5329868447865924
3.951897954610243
4.007427914096232
3.8346855706613354
3.4142275823918387
3.699477848517499
3.66313862172528
3.737897965822241
3.6919027935765167
3.5499337508858404
4.0105897194681495
3.3683648345132964
3.844383388805164
3.94324738947705
3.3909954117467804
3.6266962189458405
3.9463128484791676
3.5381970766768434
3.5565942262726096
3.8024854803634596
4.048303334391632
3.648545741719834
3.6469918458702093
3.706882249905103
3.4526535244997674
3.753539210383309
3.8053764313744263
3.648543639982943
3.2959640009436306
3.5754208980342503
3.548042266084947
3.561158664908928
4.0142408668931155
3.7609895281715384
3.7194996966422997
3.867979175991895
3.620491123704819
3.9278224709442986
3.4985615325326123
3.553845750470997
3.7999772355822707
3.7564957874805383
3.3604322438010867
3.9687932476520125
3.8142050963072838
3.810725494041053
4.063477491690984
4.011344218637381
4.008728326811801
3.936572095999358
3.903870947311566
4.0148216760478
3.7817941513414186
3.872901733940548
3.6778456457678943
3.4997206608442055
3.402725782765367
3.913724720920054
3.8946488526900573
4.042429718725795
3.679296943719524
3.6779973614935186
3.64423659644441
3.967033796876156
3.671577745720413
3.7019083682568485
3.9093882840361234
3.5057495879541003
3.611032618337956
3.946796269689258
3.920399319107515
3.9777503720051275
3.525951357832415
3.982731896348394
3.7280307526273964
3.914259440575044
3.9601184422655757
3.5880919454146305
3.851954664101343
3.5471346254244547
3.994604585195302
4.0294129554378415
3.9814529386039075
3.747536713536098
3.8647357021468625
3.7066373388989695
3.711953868083599
3.9020121066811
3.7388770618566007
3.773569758151198
4.059740028900223
3.987937311186609
3.280026221937797
3.7207101753513605
3.34013080753896
3.9417455563403787
3.5666680505067125
3.327941562746171
3.7849942943684876
3.6444442600526954
3.4203818619298754
3.7909198752129125
3.9494043770713105
3.708031046572812
3.8827714230671875
4.030537247598204
3.7745467249977933
4.0307847599074895
3.80058106991738
3.676258890768116
3.712701130119366
3.4677491467959336
4.0478322862324125
3.7458603063063287
3.6978185364956975
3.697658315478983
3.805011838356957
4.026211674439268
3.346807239807678
3.9382410715822878
3.7372945848245096
3.5503162264821504
3.77579652575722
3.6944163685593554
3.2763371920399864
3.7481005669590184
3.5805530601840663
3.659180711421566
3.855633556062778
3.932035752266403
3.8015449173031866
3.5989041390058167
3.5079833657748187
3.382849959720978
3.7473930728272196
3.8427055599719813
4.032010967952509
3.5299079251799705
3.528104815656807
3.8225856564975094
3.415755377511258
3.5321763302801785
3.929513770616345
3.889093259697841
3.5868371798538607
4.017183475500721
3.6404671918513136
4.163936888843187
3.502501198350988
3.9181759856507234
3.505033134285465
3.701109629735054
4.01246567355092
3.9325839181419493
3.6895896647571638
3.851458196786376
3.527599732286837
3.665592358436671
3.650382107412968
3.4844048340830183
3.791751940820868
3.741789860624811
3.5343819399097516
3.687570005918595
3.675190644507981
3.499699685083131
3.7691975921311722
3.4501437756577134
3.448977238864893
3.731086671295007
3.9119012586485065
3.37716874060957
3.7364133664282475
3.365628067102153
3.731770369490337
3.9071108340267764
3.979454045938753
3.4822319461379103
3.637935390154826
3.465392206829303
3.8960583747144737
3.821912450600098
3.6915472590845764
3.971933654589029
3.8764515726184867
3.7487230856817764
3.820335539880125
3.742493305528323
3.4377332733374586
3.588697073169809
3.404897592556491
3.637180233700925
4.0000867988352375
3.4134628871170927
3.778662257689875
3.1322682724289646
3.3160751009524265
3.760482490114566
4.1170782266966
3.7727590687466397
3.8271366567940936
3.537000066759234
3.5778594101398875
3.595541082700057
3.92960064929536
3.2889533630099455
3.9231146291429067
3.5666536761834493
4.012526981750525
3.163670247368811
3.5598655662464394
3.686744799793269
3.931477668882052
3.5088232410081535
3.8702351229391816
3.8279207508718125
3.4103318887912453
3.8879668168538943
3.4910479133098873
3.704760359267835
4.038598963545366
3.94366035265896
4.013683309522671
3.7966809294783026
3.5499628438605795
3.8071616832952673
3.4149850247790083
4.058743819059382
3.637026707925861
3.6439124073368316
3.4096567701033673
3.431170679634988
4.078183559546909
3.362725725024426
3.703515015553353
3.5584150429129586
4.03492407665265
3.8316549884570956
3.8824610055817645
3.673014493178809
3.6774091919601335
3.7190885998253407
3.5213906401659645
3.912769467366692
3.4046793204733645
3.2563104457980985
3.7417034287436453
3.5560662780343946
3.579485320797266
3.8796859331172713
3.6739698055602754
3.8734528683028246
3.9968575752631694
3.8229728128125813
3.421472229967679
3.627545029139273
3.5262823734924744
3.561275694479113
3.80645747208257
3.3675546964149516
3.7550152987930123
3.561344547816033
3.5426597503053503
3.6984753569092725
3.5717295192872363
4.059164509695691
3.916062559708436
3.9693522827464376
3.9763944325452614
3.4944600269408648
4.129699435239059
4.050649744944194
3.4126464502574976
3.8979936202317482
3.6341661067786335
3.9494908866185647
3.9409733167872427
3.671966200257966
3.8028757579316776
3.91804875479262
3.4645068899264944
3.7838452691522044
3.891606289605261
3.6832169985867016
3.3980645369961255
3.7062883365148553
3.815807695225271
3.721618646591098
3.7877990811091444
3.534020966322772
3.6339444993518835
4.0523760295789
3.519878724041766
4.117583996580147
3.783416903068912
3.8274011594944994
3.7050617327031317
3.218211754564363
3.8670476174857793
3.9225196067145767
3.7721814829721154
3.9242917071700347
3.596308687788488
3.756945924056237
3.609914688454334
3.9346180607448416
3.6372633041513707
3.4871123640582757
3.423638712634277
3.7289243280135196
3.8729696569075083
3.5869768849994563
3.889763879743419
3.401054650083733
3.5445551459863704
3.594844371356807
3.690735486747115
3.7669348727797622
3.8229196243662864
3.6373244890542384
3.9197764842260407
3.441570844706854
3.8370828905626846
3.869265983889507
3.330083985448705
3.5154505861086505
3.32364593828711
3.4579388074996693
3.9565435600036496
3.914562512300349
3.980622048363206
3.419212536039359
3.7506478352096324
3.39961938307615
3.991205144308904
3.451641674685497
3.3129270252766143
3.859867874135559
3.714193303204386
3.997438887045884
3.4385863726729418
3.744718460076947
3.9190585917541174
3.8903215471592834
3.9127662618169117
4.055265687809982
3.4343588395612192
3.877498634175134
3.5664411545911547
3.7544411544705385
3.7551852712988243
4.035061278484751
3.6444125119556747
4.005553596134805
3.876946804703848
3.512319889434995
3.8904895557453383
3.907745195727333
3.9103156109474484
3.869416144200762
3.7003512176473627
3.6599068832108785
3.377910356744469
3.4202492232558
3.958713036250582
3.9104191339062604
4.062782543419916
3.692539636649004
3.9278757828162396
3.2602280753802417
3.726454164999445
3.8585789352956437
3.466074910822512
3.6329168220659724
4.169035289550612
3.911073868439174
3.9058314031571832
4.100806920809444
3.490056578378737
4.076146103418209
3.6728040086940275
3.924364283332221
3.687303157118857
3.7781996721922355
3.213199616945302
3.7982904327061373
3.8428032466882502
3.7150823801998336
3.9156662704772787
3.896477125308657
3.57597535066772
3.6700379599382815
3.879026102168592
3.712707250682422
3.427609059735657
3.775135848384748
3.602457746109634
3.8621864812520146
3.7915114333346938
3.609669199205805
3.935876838705278
3.9963531315654546
3.8939918237430695
3.6956350908693114
4.08190423892515
3.9183699065439948
3.9039453010496135
3.57021690987705
4.034547856173667
3.929302642653922
3.74469350586072
3.933890405321648
3.4590654292730267
3.9897257291179553
3.958157847141438
4.047467567333066
3.710978573081316
3.46005014779616
3.94477092540624
3.7006681437558147
3.5373377701416806
3.6985395419084766
3.3941839023752403
3.9908677374860266
4.124736679133399
3.3199121990420095
3.872700424569176
3.7085299579240596
3.7244781771257873
3.544825022482748
3.637901699679533
3.6255738981816936
3.706799343238658
3.7364011652031484
3.869944526789319
3.5518709352833655
3.6459581380532198
3.8298638429442184
3.893795952153093
3.5449730228332776
3.324309428032189
3.6251342347813256
4.024108378813754
3.7659696622080405
3.9641860045744917
3.882561940018171
3.404779438903749
12730:
2.021886674040096
2.137445117525476
2.079462576531224
2.2167595599491623
1.9031380447800648
1.9821909332663612
2.041295256013865
2.0324519474595695
2.105950577259395
14632:
3.489451979232727
3.459692559086967
3.453477352315724
3.4930796194881384
3.486819360593302
3.483449456392312
10510:
3.1784725069344275
3.167831601750997
3.2243341859279773
3.1740575316951527
16650:
2.051084395282036
14497:
3.505166487184796
3.5054021739294647
7180:
3.1540088213937847
3.1549146275984157
3.148987970441112
3.17412547956467
3.112033517446245
3.143032666366924
3.16313629846447
3.1634417835588073
3.169943133138851
3.1780999114890487
3.1972943035357195
3.1570637467031704
3.1303665533864775
3.1336805321834205
3.1435577794133507
3.1573126248721675
3.157066478664159
3.181892042801405
3.1528630720804296
15113:
3.3463392004871664
