14370:
2.8333333333333335
4584:
1.5
8619:
3.0
3.025
2.7
2.975
3.0
2.925
3.225
3.125
3.225
6085:
3.8
3.675
3.825
3.875
4.05
3.775
4.0
3.7
3.825
15389:
3.53125
3.53125
5561:
4.05
3.825
4.075
4.225
4.075
4.05
3.95
4.075
4.025
4.0
3.95
3.925
4.075
4.0
3.975
3.875
4.025
4.175
4.025
4.025
4.125
4.0
4.0
4.075
4.2
4.0
4.025
3.975
4.025
3.95
3.85
4.0
13352:
2.625
12003:
3.6
3.4
3.375
3.9
3.575
3.65
3.575
3.825
3.625
3.7
3.825
3.475
3.55
3.475
3.4
3.6
3.8
3.6
3.7
3.825
3.4
3.775
3.8
3.875
3.4
3.625
3.55
3.625
3.525
3.725
3.45
3.375
3.725
3.6
3.725
3.875
3.8
3.75
3.575
3.95
3.55
3.65
3.25
3.375
3.7
3.85
3.675
3.8
3.525
3.575
15881:
3.0
6123:
2.652173913043478
2.652173913043478
2.652173913043478
2.652173913043478
2.652173913043478
1348:
2.7142857142857144
5732:
4.325
4.075
4.225
3.725
3.95
4.0
4.125
3.875
4.425
4.05
4.3
4.175
4.4
3.9
3.95
4.475
4.25
3.95
3.875
4.425
3.875
3.9
3.825
4.05
4.175
4.25
4.125
4.375
4.15
4.125
3.975
4.075
3.7
3.95
4.125
4.225
4.275
4.4
4.275
3.9
4.15
4.25
3.95
3.9
4.25
3.95
4.2
7705:
2.925
2.85
2.925
2.9
11890:
3.142857142857143
10276:
4.4
424:
3.375
3.575
3.575
3.65
3.25
3.425
3.775
3.55
3.6
3.575
3.375
3.45
3.75
3.475
3.625
3.4
3.5
3.6
3.575
3.4
3.55
3.675
8539:
3.675
3.65
3.675
3.775
3.625
3.7
3.65
8376:
3.7
3.7
3.6
3.775
3.425
10271:
3.175
3.075
3.175
3.15
3.225
3.15
3.2
226:
2.0
8576:
2.6
1897:
3.4
12962:
2.875
3835:
2.6
2.525
2.875
2.825
2.825
2.7
2.475
2.5
2.825
2.775
2.65
2.5
13102:
3.0
3.05
2.975
3.025
3.1
3.125
3.025
3.0
10851:
3.525
3.575
3.475
3.625
3.575
7055:
3.45
3.7
3.425
3.425
3.65
3.55
3.675
3.4
3.375
3.775
3.6
3.675
3.475
3.8
3.55
3.3
3.525
3.625
3.55
3.55
3.825
3.6
3.525
3.775
3.575
3.375
3.6
3.575
3.725
3.575
3.625
3.275
3.575
3.875
3.425
3.55
3.65
3.7
3.65
3.45
3.925
3.775
3.825
3.575
3.95
3.6
3.65
3.625
3.45
3.625
3.725
3.5
3.625
3.65
3.7
3.65
3.625
3.55
3.525
3.525
3.35
3.5
3.5
3.725
3.75
3.525
3.675
3.75
3.65
3.5
3.475
3.9
3.375
3.65
3.6
3.8
3.75
3.675
3.7
3.45
3.525
3.9
3.65
3.625
3.55
3.425
3.375
3.55
3.5
3.625
3.75
3.5
3.4
3.325
3.45
3.55
3.85
3.475
3.6
3.675
3.725
3.85
3.575
3.675
3.725
3.4
3.625
3.575
3.5
3.7
3.575
3.5
8936:
2.0
2.0
2.0
2.0
13953:
3.111111111111111
3.111111111111111
3.111111111111111
2037:
3.225
3.2
3.275
3.175
3.1
3.175
3.075
3.2
3.15
3.2
2554:
3.9
3.475
3.6
3.825
3.575
3.675
3.775
3.725
3.8
3.625
3.6
3.575
3.4
3.625
3.675
3.675
3.575
3.825
3.45
3.75
17603:
2.0
2.0
2.0
2.0
2.0
2.0
2.0
2.0
2.0
2.0
10680:
2.75
2.9
2.65
2.85
2.65
2.575
2.5
2.725
2.6
2.85
2.775
2.725
2.65
2.75
2.95
2.575
2.825
2.725
2.975
2.725
2.525
2.8
2.825
2.775
2.65
2.825
2.725
2.725
2.725
8179:
1.0
7693:
2.65
2.6
2.6
2.6
17243:
2.45
2.45
2.45
2.5
2.55
2.5
5936:
3.4
6972:
4.1
3.625
3.4
3.525
3.575
3.85
2.675
3.25
2.75
3.8
3.525
3.15
3.6
3.775
3.65
3.35
3.3
3.675
3.625
3.425
3.8
3.15
3.3
3.175
3.025
2.65
3.4
3.775
2.675
3.375
2.85
3.925
3.625
2.775
3.95
2.65
3.65
3.75
2.975
3.3
3.175
4.0
3.8
2.5
3.85
3.175
3.45
3.425
3.75
3.625
4.05
2.975
3.775
3.4
3.7
3.625
3.925
3.875
2.4
2.975
3.8
3.35
3.725
3.175
3.925
3.45
3.325
3.75
3.35
3.2
3.875
3.725
3.65
2.9
3.225
3.05
3.3
3.175
3.625
3.575
3.675
3.425
2.95
3.475
3.85
3.35
3.625
3.9
2.825
3.475
3.125
3.4
3.1
2.5
3.85
2.6
4.325
3.2
3.45
3.025
3.375
2.9
3.5
3.45
2.95
2.95
3.2
3.8
3.9
3.575
3.375
2.9
3.6
3.65
3.375
3.725
3.35
3.65
2.95
3.8
3.35
3.225
3.2
2.625
3.525
3.5
4.0
16821:
3.8
12497:
3.5
3.45
3.325
3.325
3.275
3.65
3.325
3.375
3.425
3.275
3.325
3.5
3.4
3.35
3.375
3.375
3.225
3.375
3.5
3.65
3.55
3.45
3.3
3.35
3.5
3.325
3.525
3.375
3.2
3.375
3.225
3.425
3.45
3.3
3.475
3.325
3.2
3.325
3.3
3.45
3.425
3.35
3.325
3.3
3.325
3.3
3.125
3.35
3.175
3.45
3.45
3.525
3.25
3.4
3.175
3.4
3.4
3.375
3.35
3.35
3.425
3.425
3.375
3.425
3.35
3.275
3.1
3.4
3.375
3.2
3.45
3.3
3.275
3.425
3.5
3.225
3.325
3.325
3.275
3.275
3.4
3.1
3.35
3.325
3.425
3.325
3.275
3.425
3.325
3.375
3.45
3.5
3.575
3.275
3.35
3.35
3.375
3.325
3.475
3.25
3.425
3.475
3.45
3.4
3.2
3.425
3.225
3.325
3.275
3.375
3.35
3.2
3.125
3.4
3.3
3.525
3.425
3.175
3.275
3.4
3.325
3.325
3.475
3.4
3.3
3.275
3.3
3.35
3.225
3.575
3.65
3.225
3.425
3.1
3.45
3.225
3.275
3.425
3.375
3.35
3.45
3.325
3.425
3.25
3.4
3.175
3.325
3.25
3.45
3.35
3.35
3.35
3.4
3.375
3.35
3.45
3.125
3.225
3.35
3.325
3.25
3.375
12274:
3.1
3.1
3.1
662:
3.875
3.7
3.8
3.8
3.825
3.9
3.575
3.775
3.825
3.825
3.775
3.55
3.7
3.8
3.625
3.775
3.675
3.725
3.8
3.725
3.7
3.7
3.725
3.75
3.75
3.75
3.8
3.775
3.85
3.75
3.75
3.775
3.625
3.675
3.7
3.725
3.625
3.7
3.55
3.8
3.75
3.775
3.725
3.85
3.775
3.75
3.575
3.675
3.725
3.95
11707:
2.6333333333333333
2.6333333333333333
2.6333333333333333
2.6333333333333333
2.6333333333333333
4474:
3.1
3.05
3.025
3.1
3.125
3.1
2.925
3.125
3.125
3.0
3.075
3.0
3.05
2.95
3.175
3.0
3.125
10608:
3.65
3.725
3.55
3.675
3.75
3.75
3.625
3.8
3.625
3.6
3.525
3.875
3.825
3.475
3.475
3.75
4847:
3.975
3.9
3.775
3.9
3.975
3.95
3.775
4.025
3.775
3.65
3.875
3.775
3.975
3.7
3.875
3.975
3.925
3.725
3.8
3.875
3.875
3.9
3.775
3.775
3.95
3.85
4.05
3.975
3.85
3.85
3.775
3.8
3.975
3.75
3.75
3.75
3.85
4.0
3.85
3.85
3.8
3.9
3.95
3.65
3.875
3.725
3.75
4.0
3.775
3.825
3.85
3.925
3.95
4.0
4.025
3.825
3.975
3.85
3.85
4.125
3.875
3.875
3.95
3.875
3.775
3.875
3.9
4.0
3.775
3.8
4.075
3.75
3.725
4.075
4.1
3.8
3.925
4.2
3.9
4.075
3.925
3.925
3.9
3.725
4.0
3.8
3.925
4.225
3.75
3.85
3.75
4.0
3.925
3.85
3.975
4.025
4.1
3.825
4.0
3.9
3.825
3.65
3.9
3.75
3.75
3.95
3.75
3.875
3.725
3.775
4.0
3.75
3.725
3.9
3.925
3.625
3.85
4.05
3.975
4.0
3.95
3.875
3.675
3.75
3.825
3.85
3.9
3.825
3.75
4.0
3.825
3.775
3.925
3.9
3.975
3.875
4.1
3.925
3.775
3.875
4.1
3.8
3.75
3.9
4.025
3.825
3.875
3.95
3.75
3.975
3.775
3.875
3.825
3.85
3.95
4.0
3.8
4.2
3.875
3.875
4.075
4.0
3.925
3.9
3.875
3.7
4.05
3.825
3.825
3.775
3.775
3.95
3.625
3.875
3.875
4.0
3.925
4.075
4.05
3.825
4.025
3.85
3.85
3.95
3.575
3.925
4.05
3.775
4.125
3.875
4.025
3.825
4.125
3.775
3.925
3.825
3.775
3.7
3.85
3.975
3.85
4.0
3.95
3.825
4.0
4.1
3.95
3.8
3.775
3.95
3.85
3.925
4.025
3.7
3.65
3.9
3.975
3.9
3.725
3.9
3.75
4.0
3.925
3.9
3.95
3.975
4.0
3.725
3.875
4.025
3.85
3.975
4.1
3.925
3.975
3.75
3.925
3.9
3.675
3.825
3.8
3.875
3.725
3.95
4.025
4.025
3.825
3.775
3.775
3.85
3.825
3.9
3.825
3.9
3.975
3.725
3.875
3.775
3.825
4.05
4.0
3.925
3.95
3.775
3.875
3.85
3.725
15674:
3.5
3.325
3.35
3.375
3.625
3.575
3.4
3.375
3.625
3.45
3.475
3.25
3.125
3.425
3.375
3.55
3.75
3.375
3.275
3.525
3.35
3.25
3.6
3.575
3.45
3.1
3.225
3.55
3.4
3.475
3.25
3.325
3.5
3.125
3.5
3.375
3.65
3.325
3.575
3.55
3.125
3.35
3.425
3.275
3.425
3.4
3.5
3.6
3.175
3.625
3.425
3.375
3.475
3.25
3.375
3.55
3.25
3.4
3.3
3.4
3.525
3.45
3.2
3.325
3.5
3.225
3.25
3.5
3.6
3.4
3.4
3.0
3.1
3.1
3.325
3.575
3.975
3.35
3.15
3.55
3.4
3.3
3.4
3.35
3.6
3.3
3.175
3.5
3.225
3.4
3.575
3.475
3.35
3.475
3.425
3.35
3.425
3.4
3.35
3.325
3.275
3.75
3.4
3.575
3.425
3.5
3.25
15358:
2.4444444444444446
2.4444444444444446
2.4444444444444446
2.4444444444444446
2.4444444444444446
2.4444444444444446
2.4444444444444446
11283:
4.075
4.025
6632:
3.075
2.975
3.125
2.775
3.175
3.05
3.15
3.075
3.125
2.95
3.175
3.075
3.075
3.375
3.3
3.075
3.175
3.25
15440:
3.075
3.45
3.225
3.35
2.95
3.0
3.075
2.925
2.975
2.925
3.25
2.95
3.1
3.35
3.025
3.15
2.975
3.125
2.95
3.175
3.525
3.3
3.025
3.4
3.225
3.35
3.175
2.7
3.3
3.275
3.3
2.8
3.225
3.2
3.125
2.775
2.975
3.375
2.8
3.35
2.975
3.325
2.9
2.95
3.225
3.1
3.1
3.375
3.15
2.95
3.35
3.3
3.05
8783:
3.25
4081:
3.0
3.0
3.0
3.0
1263:
3.142857142857143
7219:
4.075
4.075
4.05
16128:
4.075
3.975
3.925
3.55
3.775
3.85
3.75
3.975
4.175
3.925
4.4
3.85
3.175
3.8
4.125
4.05
3.725
3.95
4.075
3.5
3.85
4.2
3.875
3.6
3.85
3.75
4.0
3.425
3.875
3.875
4.175
3.825
3.325
4.15
3.9
3.875
4.125
3.7
4.0
3.8
4.225
3.75
3.775
4.1
4.1
3.975
3.95
3.825
3.925
3.725
3.825
3.725
3.425
4.025
3.975
4.05
3.6
3.975
4.35
4.075
3.725
3.6
3.875
3.85
4.025
3.7
4.05
3.725
3.95
4.175
3.825
3.925
3.85
3.675
4.075
4.2
4.0
3.65
3.85
3.925
4.15
4.025
4.075
3.75
4.425
3.85
3.85
3.725
3.625
4.05
3.675
3.925
3.8
4.05
3.775
3.65
3.9
3.75
3.725
3.975
3.975
4.025
3.7
4.0
3.675
3.775
3.725
3.375
4.0
3.8
4.125
3.825
3.45
3.8
3.675
3.7
3.775
3.825
3.55
4.025
3.65
3.375
4.125
4.125
3.825
3.9
4.025
3.975
4.225
3.275
4.0
3.8
4.0
3.725
3.775
4.125
4.15
4.25
3.975
3.75
3.8
3.55
4.575
3.425
4.0
4.075
3.825
3.825
3.8
3.575
3.6
4.025
4.225
3.75
3.9
4.125
3.95
3.775
3.7
3.425
3.775
3.525
3.725
3.6
3.575
3.9
3.95
3.95
3.85
4.125
3.9
4.025
3.425
3.65
3.625
4.025
3.8
3.675
4.25
3.275
3.975
4.125
3.525
3.9
4.2
3.6
3.65
4.425
4.4
3.7
3.75
3.8
3.625
3.725
3.75
3.775
3.075
3.6
3.875
3.65
3.875
3.8
3.325
4.0
3.675
4.0
3.475
3.675
4.125
3.95
3.575
3.875
3.725
3.775
4.075
4.15
4.025
4.025
4.025
3.95
4.25
4.175
3.8
3.75
3.65
4.05
4.175
3.75
3.775
3.775
3.625
4.15
3.7
3.65
4.275
3.575
3.95
3.925
4.1
4.025
3.675
4.25
3.925
4.175
3.875
3.625
4.05
3.875
4.15
4.1
4.425
3.95
3.875
3.925
4.25
4.0
3.775
4.025
4.05
4.225
3.325
3.875
3.475
4.275
3.6
3.65
4.0
3.975
3.725
3.9
3.925
4.0
4.275
4.25
3.875
4.1
4.475
3.8
3.775
3.375
4.0
3.525
3.675
3.925
3.85
4.025
3.45
4.175
3.9
3.65
3.95
3.925
3.425
3.875
3.8
3.6
4.025
4.3
4.05
3.775
3.65
3.475
3.825
4.225
4.075
3.8
3.6
3.65
3.425
3.625
3.825
4.0
3.525
4.125
3.875
4.2
3.725
4.025
3.625
3.875
4.225
3.8
3.65
4.025
3.7
3.825
4.325
3.65
3.75
3.9
3.425
3.575
3.525
3.75
3.825
3.425
3.725
3.675
3.825
3.525
3.8
3.425
3.75
3.875
4.15
3.45
3.8
3.65
3.95
3.775
3.925
3.975
4.075
3.75
3.75
4.2
3.65
3.625
3.65
3.875
4.125
3.65
3.8
3.3
3.35
3.7
4.125
3.875
3.95
3.675
3.725
3.575
3.75
3.45
4.1
3.775
4.05
3.45
3.575
3.875
4.0
3.65
4.05
3.9
3.475
3.975
3.575
3.725
3.825
4.0
4.05
3.85
3.5
3.875
3.45
4.05
3.55
3.75
3.525
3.525
4.1
3.55
3.925
3.625
4.175
3.95
4.15
3.6
3.975
3.625
3.425
4.075
3.55
3.325
3.725
3.6
3.675
4.075
3.925
4.15
3.95
3.6
3.45
3.525
3.575
3.825
3.85
3.425
3.95
3.775
3.6
4.2
3.575
4.2
4.125
4.325
3.975
3.75
4.1
3.9
3.3
4.025
3.65
4.425
4.15
3.725
3.825
3.975
3.625
3.975
3.8
4.1
3.4
3.7
4.1
4.0
3.775
3.55
3.65
4.05
3.525
3.925
3.95
3.875
3.85
3.425
4.05
3.925
4.0
3.8
3.625
3.75
3.75
3.875
3.65
3.625
3.475
3.675
3.95
3.675
3.925
3.625
3.625
3.775
3.975
3.825
3.775
3.6
3.975
3.125
3.925
3.875
3.6
3.625
3.35
3.525
4.075
4.325
4.2
3.35
4.075
3.6
4.075
3.5
3.45
3.975
3.95
4.275
3.6
3.75
3.9
3.95
4.275
4.125
3.475
3.625
3.75
3.825
4.0
4.3
3.675
4.05
4.05
3.425
3.975
4.175
4.075
3.875
3.55
3.8
3.45
3.4
4.075
4.025
4.125
3.7
4.0
3.35
3.75
3.95
3.6
3.9
4.025
4.1
3.925
4.225
3.425
4.1
4.025
4.0
3.925
4.05
3.525
4.0
3.95
3.75
4.25
4.075
3.525
4.05
4.325
3.85
3.5
3.85
3.675
4.025
3.85
3.825
4.175
3.975
3.85
3.825
4.125
4.1
3.925
3.7
4.0
4.05
3.825
4.1
3.425
4.25
4.175
4.075
3.8
3.525
3.975
4.125
3.7
3.8
3.475
4.1
4.05
3.375
3.775
3.775
3.75
3.7
3.675
3.675
4.0
3.85
4.05
3.675
3.725
3.775
3.95
3.8
3.575
3.8
4.175
3.925
4.175
3.95
3.575
12730:
2.3333333333333335
2.3333333333333335
2.3333333333333335
2.3333333333333335
2.3333333333333335
2.3333333333333335
2.3333333333333335
2.3333333333333335
2.3333333333333335
14632:
3.2
3.225
3.275
3.325
3.225
3.35
10510:
3.15
3.125
3.125
3.15
16650:
2.5
14497:
3.3125
3.3125
7180:
2.825
3.025
3.0
2.9
2.9
2.9
2.9
2.975
2.9
3.05
3.05
2.875
2.85
3.05
2.9
2.975
2.975
3.125
2.925
15113:
3.0
